-97.74914513333333, 30.268935883333334, 6.0, 1346777086610
-97.74903048333333, 30.268886616666666, 6.0, 1346777090571
-97.74892271666667, 30.26882905, 4.0, 1346777094647
-97.74882923333334, 30.268770833333335, 4.0, 1346777099002
-97.74884658333333, 30.268675733333332, 3.0, 1346777102521
-97.74891955, 30.268578033333334, 4.0, 1346777106464
-97.74897276666667, 30.26849305, 6.0, 1346777110585
-97.74904846666666, 30.2683894, 8.0, 1346777114554
-97.74909871666667, 30.268301366666666, 6.0, 1346777118557
-97.74912908333333, 30.268210016666668, 6.0, 1346777122305
-97.74915636666667, 30.268107433333334, 12.0, 1346777126225
-97.7492068, 30.268023266666667, 12.0, 1346777130109
-97.74924705, 30.267913833333335, 12.0, 1346777134107
-97.7492558, 30.267797216666665, 8.0, 1346777138184
-97.749295, 30.267707616666666, 6.0, 1346777142082
-97.74936908333333, 30.267590216666665, 6.0, 1346777146059
-97.74941848333333, 30.267538166666668, 8.0, 1346777149986
-97.74948773333334, 30.267510683333334, 12.0, 1346777154124
-97.74960075, 30.2674646, 12.0, 1346777159198
-97.74970061666667, 30.267391483333334, 16.0, 1346777162058
-97.74970871666666, 30.267279783333333, 12.0, 1346777166146
-97.74967295, 30.2671451, 12.0, 1346777170108
-97.74968923333333, 30.267015183333335, 8.0, 1346777174187
-97.7496239, 30.266901933333333, 12.0, 1346777178356
-97.74949341666667, 30.266815083333334, 12.0, 1346777182216
-97.74934313333333, 30.266719133333332, 6.0, 1346777186176
-97.7492675, 30.266681383333335, 8.0, 1346777190166
-97.74914901666666, 30.26664475, 8.0, 1346777194090
-97.74899955, 30.266596133333334, 8.0, 1346777198165
-97.74886285, 30.266572416666666, 12.0, 1346777202344
-97.74873801666666, 30.2665407, 16.0, 1346777206146
-97.74862395, 30.26648065, 12.0, 1346777210064
-97.74858343333334, 30.26639305, 8.0, 1346777214205
-97.7486071, 30.266281666666668, 6.0, 1346777218408
-97.74862423333333, 30.266189016666665, 8.0, 1346777222120
-97.74868186666667, 30.26610365, 12.0, 1346777226168
-97.74873391666667, 30.265998983333333, 12.0, 1346777230143
-97.74878828333334, 30.265855166666668, 12.0, 1346777234141
-97.74882478333333, 30.265729583333332, 6.0, 1346777238151
-97.74887081666667, 30.265622183333335, 6.0, 1346777242125
-97.74892665, 30.265505066666666, 6.0, 1346777246184
-97.74894985, 30.265383716666665, 4.0, 1346777250227
-97.74897945, 30.26525953333333, 3.0, 1346777254112
-97.74902306666667, 30.265136683333335, 6.0, 1346777258069
-97.74904473333333, 30.265024883333332, 6.0, 1346777262068
-97.74908041666667, 30.264885566666667, 6.0, 1346777266208
-97.74913013333334, 30.264779333333333, 6.0, 1346777270174
-97.7492276, 30.2647083, 12.0, 1346777274139
-97.74925478333333, 30.2645813, 8.0, 1346777278152
-97.74918961666667, 30.2644532, 8.0, 1346777282217
-97.74913295, 30.264396283333333, 8.0, 1346777286139
-97.74909066666666, 30.26434315, 6.0, 1346777290181
-97.7490402, 30.264243366666665, 6.0, 1346777296219
-97.74893865, 30.264142283333335, 4.0, 1346777298138
-97.7487914, 30.26411055, 6.0, 1346777302204
-97.74865518333333, 30.264075216666665, 6.0, 1346777306178
-97.74853813333333, 30.264048833333334, 6.0, 1346777310152
-97.7484177, 30.264021633333332, 8.0, 1346777314071
-97.74830315, 30.264000816666666, 4.0, 1346777318089
-97.74818305, 30.26393656666667, 6.0, 1346777322115
-97.74806688333334, 30.2638749, 4.0, 1346777326154
-97.74794698333334, 30.263833266666666, 4.0, 1346777330152
-97.74780683333333, 30.2637928, 6.0, 1346777334097
-97.74769638333333, 30.263756083333334, 8.0, 1346777338093
-97.74762213333334, 30.2637477, 6.0, 1346777342129
-97.74748521666666, 30.263750583333334, 4.0, 1346777346063
-97.74731245, 30.263733633333334, 3.0, 1346777350163
-97.74715381666667, 30.263727533333334, 3.0, 1346777354168
-97.7470216, 30.2636895, 4.0, 1346777358051
-97.74688766666667, 30.263640883333334, 4.0, 1346777362076
-97.74676281666666, 30.263609816666666, 3.0, 1346777366216
-97.74664868333333, 30.263582216666666, 4.0, 1346777370187
-97.74652025, 30.263505883333334, 6.0, 1346777374159
-97.74640096666667, 30.263461916666667, 6.0, 1346777378264
-97.74628376666666, 30.26342965, 6.0, 1346777382149
-97.74617515, 30.2633742, 4.0, 1346777388293
-97.74607578333334, 30.263316583333335, 6.0, 1346777390104
-97.7459443, 30.263270416666668, 6.0, 1346777394143
-97.7457947, 30.26321293333333, 6.0, 1346777398191
-97.7456567, 30.26312598333333, 6.0, 1346777402191
-97.74550673333333, 30.26305405, 6.0, 1346777406160
-97.74537793333333, 30.26300105, 6.0, 1346777410133
-97.74526058333333, 30.262896266666665, 6.0, 1346777414165
-97.74514815, 30.2627942, 6.0, 1346777418124
-97.74505975, 30.262719033333333, 8.0, 1346777422055
-97.74496891666666, 30.262661916666666, 8.0, 1346777426115
-97.74484421666666, 30.262621066666668, 8.0, 1346777430242
-97.74472346666667, 30.262574783333335, 8.0, 1346777434220
-97.74462226666667, 30.26254075, 6.0, 1346777438169
-97.7445079, 30.262488483333332, 8.0, 1346777442199
-97.74438073333333, 30.26239105, 6.0, 1346777446062
-97.74423373333333, 30.262286666666668, 6.0, 1346777450256
-97.74412761666666, 30.262226833333333, 6.0, 1346777454181
-97.74403756666666, 30.2620802, 6.0, 1346777458040
-97.74393893333334, 30.261972766666666, 6.0, 1346777462206
-97.7438096, 30.261906033333332, 6.0, 1346777466199
-97.74368288333334, 30.261801466666668, 6.0, 1346777470246
-97.74354631666667, 30.261761983333333, 6.0, 1346777474114
-97.74341571666666, 30.26172388333333, 6.0, 1346777478196
-97.74330765, 30.26164455, 6.0, 1346777482035
-97.74319925, 30.26155006666667, 6.0, 1346777486201
-97.74310733333333, 30.261458883333333, 6.0, 1346777490157
-97.74301061666667, 30.261398383333333, 6.0, 1346777495306
-97.74290481666667, 30.261335133333333, 6.0, 1346777498179
-97.7428679, 30.261286133333332, 6.0, 1346777502168
-97.74280665, 30.26118355, 6.0, 1346777506136
-97.74270366666667, 30.261088933333333, 6.0, 1346777510073
-97.74258031666666, 30.261016266666665, 6.0, 1346777514231
-97.74247128333333, 30.260968183333333, 4.0, 1346777518129
-97.74236815, 30.260932933333333, 6.0, 1346777522174
-97.74227095, 30.260881333333334, 8.0, 1346777526189
-97.74208871666667, 30.260866216666667, 6.0, 1346777530085
-97.7419161, 30.260833333333334, 6.0, 1346777534236
-97.74181361666666, 30.260805183333332, 8.0, 1346777538205
-97.74172655, 30.260762566666667, 8.0, 1346777542099
-97.74163133333333, 30.260668516666666, 6.0, 1346777546223
-97.74157356666667, 30.2605866, 6.0, 1346777550145
-97.74151976666667, 30.2606415, 6.0, 1346777554122
-97.7414432, 30.260737866666666, 6.0, 1346777558101
-97.74133171666666, 30.260818466666667, 6.0, 1346777562212
-97.74118336666666, 30.260818433333334, 6.0, 1346777566125
-97.74105131666667, 30.2607625, 6.0, 1346777570184
-97.7409555, 30.260753216666668, 4.0, 1346777574218
-97.74090765, 30.26069785, 4.0, 1346777578394
-97.74092508333334, 30.26056065, 4.0, 1346777582397
-97.74095733333333, 30.260416566666667, 8.0, 1346777587162
-97.74103096666667, 30.26029258333333, 6.0, 1346777590233
-97.74114788333333, 30.260166316666666, 4.0, 1346777594151
-97.74124186666667, 30.260032583333334, 6.0, 1346777598189
-97.74134675, 30.259903883333333, 4.0, 1346777602116
-97.74128171666666, 30.259787733333333, 4.0, 1346777606195
-97.74112376666666, 30.259671116666667, 4.0, 1346777610073
-97.74097753333334, 30.259589683333335, 3.0, 1346777614174
-97.74096425, 30.259468066666667, 4.0, 1346777618144
-97.74109131666667, 30.2593359, 4.0, 1346777622170
-97.74112585, 30.259161266666666, 6.0, 1346777626115
-97.74107305, 30.25908018333333, 6.0, 1346777630142
-97.74099088333334, 30.25893973333333, 6.0, 1346777634120
-97.74093818333333, 30.2588098, 6.0, 1346777638308
-97.74093628333333, 30.258665483333335, 6.0, 1346777642170
-97.7409475, 30.258552083333335, 8.0, 1346777646177
-97.74094698333333, 30.25843085, 6.0, 1346777650211
-97.74098035, 30.2582867, 4.0, 1346777654232
-97.74098491666666, 30.2581275, 4.0, 1346777658167
-97.74097006666666, 30.257949283333332, 4.0, 1346777662186
-97.7409154, 30.257795916666666, 3.0, 1346777666212
-97.74082576666666, 30.257645683333333, 4.0, 1346777670002
-97.74070735, 30.257497566666668, 6.0, 1346777674300
-97.7406075, 30.25733475, 4.0, 1346777678159
-97.74055451666666, 30.257181233333334, 4.0, 1346777682199
-97.74054548333334, 30.25702645, 6.0, 1346777686081
-97.74056618333333, 30.25690135, 8.0, 1346777691561
-97.7405233, 30.256736066666665, 8.0, 1346777694661
-97.74046028333333, 30.256586266666666, 12.0, 1346777698100
-97.74034321666667, 30.256481883333333, 12.0, 1346777702114
-97.74025906666667, 30.256376916666667, 12.0, 1346777706131
-97.74019208333333, 30.2562778, 12.0, 1346777710166
-97.74014008333333, 30.25613495, 8.0, 1346777714188
-97.74010645, 30.2560125, 12.0, 1346777718131
-97.74007165, 30.2558596, 8.0, 1346777722209
-97.7400022, 30.255705433333333, 8.0, 1346777726179
-97.73994238333333, 30.2555773, 6.0, 1346777730237
-97.73989241666666, 30.255456483333333, 6.0, 1346777734231
-97.73989148333334, 30.255307516666665, 6.0, 1346777738051
-97.73993421666667, 30.255153, 6.0, 1346777742135
-97.73988445, 30.25499635, 6.0, 1346777746176
-97.73979143333334, 30.254852383333333, 4.0, 1346777750253
-97.73971191666666, 30.25473105, 4.0, 1346777754191
-97.73960705, 30.254621516666667, 6.0, 1346777758248
-97.7394765, 30.25452765, 4.0, 1346777762145
-97.73941715, 30.254433966666667, 3.0, 1346777766189
-97.73933333333333, 30.254352033333333, 3.0, 1346777770093
-97.73922715, 30.254266433333335, 6.0, 1346777774084
-97.73910313333333, 30.254138433333335, 8.0, 1346777777999
-97.73899738333333, 30.254021016666666, 6.0, 1346777782100
-97.7389128, 30.253885366666665, 3.0, 1346777787609
-97.73884473333334, 30.2537452, 3.0, 1346777790362
-97.73879291666667, 30.25357735, 3.0, 1346777794138
-97.73869233333333, 30.25345785, 4.0, 1346777798257
-97.73857516666666, 30.253360183333335, 4.0, 1346777802233
-97.7384615, 30.253285016666666, 4.0, 1346777806048
-97.73833286666667, 30.253231416666665, 3.0, 1346777810179
-97.73824903333333, 30.253157833333333, 3.0, 1346777814127
-97.73816475, 30.253101533333332, 3.0, 1346777818153
-97.73807618333333, 30.2530477, 3.0, 1346777822221
-97.73798031666666, 30.25297085, 3.0, 1346777826180
-97.73785991666666, 30.252888333333335, 3.0, 1346777830091
-97.73775365, 30.252786116666666, 3.0, 1346777834019
-97.7376759, 30.25266905, 3.0, 1346777838067
-97.737601, 30.252571433333333, 3.0, 1346777842059
-97.73748171666666, 30.252503983333334, 3.0, 1346777846134
-97.73735081666666, 30.252447516666667, 3.0, 1346777850139
-97.73729876666667, 30.25239265, 3.0, 1346777854150
-97.7371941, 30.252292516666667, 4.0, 1346777858254
-97.73708541666667, 30.25217608333333, 4.0, 1346777862148
-97.73699826666666, 30.25205113333333, 4.0, 1346777866203
-97.73687478333333, 30.251988383333334, 3.0, 1346777870150
-97.73673578333333, 30.25191463333333, 3.0, 1346777874194
-97.73660688333334, 30.25181275, 4.0, 1346777878946
-97.73645618333333, 30.2517934, 4.0, 1346777882160
-97.73634513333333, 30.251767383333334, 6.0, 1346777886055
-97.73624798333333, 30.25171525, 6.0, 1346777890101
-97.73614576666667, 30.251652283333332, 6.0, 1346777894141
-97.73603446666667, 30.251586216666666, 4.0, 1346777898145
-97.73593551666667, 30.251510133333333, 6.0, 1346777902066
-97.73575401666666, 30.251413766666666, 3.0, 1346777906109
-97.73556805, 30.251329116666668, 3.0, 1346777910072
-97.73549638333333, 30.2512298, 3.0, 1346777914207
-97.73547453333333, 30.2511725, 6.0, 1346777918063
-97.73542818333334, 30.251158216666667, 4.0, 1346777922535
-97.7353753, 30.251160183333333, 4.0, 1346777926158
-97.73536156666667, 30.25116445, 4.0, 1346777926987
-97.73534633333334, 30.25117095, 4.0, 1346777927969
-97.7353374, 30.251172966666665, 6.0, 1346777928915
-97.73530958333333, 30.251176216666668, 4.0, 1346777930257
-97.73529323333334, 30.251178233333334, 4.0, 1346777931038
-97.7352777, 30.251180066666667, 4.0, 1346777931990
-97.73526223333333, 30.251182666666665, 4.0, 1346777933236
-97.73519596666667, 30.251181533333334, 4.0, 1346777937120
-97.7351027, 30.251178333333332, 3.0, 1346777941193
-97.73494744999999, 30.251111983333335, 4.0, 1346777945047
-97.73481881666666, 30.251004616666666, 4.0, 1346777949069
-97.73466936666667, 30.250940733333334, 3.0, 1346777953126
-97.73453343333334, 30.2509046, 4.0, 1346777959266
-97.73440018333334, 30.250867233333334, 4.0, 1346777961056
-97.73426236666667, 30.250853183333334, 4.0, 1346777965092
-97.73411006666667, 30.25084336666667, 4.0, 1346777969105
-97.73395448333333, 30.250817283333333, 6.0, 1346777973061
-97.73382398333334, 30.25076495, 6.0, 1346777977144
-97.73366686666667, 30.250687866666667, 6.0, 1346777981139
-97.73352298333333, 30.250596166666668, 4.0, 1346777985209
-97.7333558, 30.250495666666666, 6.0, 1346777989123
-97.73317775, 30.250457733333334, 6.0, 1346777993140
-97.73301546666667, 30.250390116666665, 3.0, 1346777997034
-97.73285228333333, 30.25034255, 3.0, 1346778001190
-97.73270901666666, 30.25029758333333, 3.0, 1346778005163
-97.73260743333333, 30.2502429, 3.0, 1346778009139
-97.7324928, 30.2501984, 4.0, 1346778013005
-97.73236961666667, 30.2501459, 4.0, 1346778017171
-97.73225371666666, 30.250103033333332, 4.0, 1346778021145
-97.7321507, 30.2500343, 4.0, 1346778025187
-97.73201781666667, 30.249950533333333, 4.0, 1346778029050
-97.73189588333334, 30.249872933333332, 3.0, 1346778033134
-97.73181598333333, 30.249793116666666, 3.0, 1346778037161
-97.73173175, 30.249725916666666, 4.0, 1346778041189
-97.7316585, 30.24968365, 4.0, 1346778048949
-97.7315901, 30.249624183333335, 4.0, 1346778049095
-97.73151803333333, 30.249583333333334, 6.0, 1346778053159
-97.73140223333333, 30.2495548, 6.0, 1346778057075
-97.73127016666666, 30.2495345, 4.0, 1346778061192
-97.73116893333334, 30.249508016666667, 6.0, 1346778065214
-97.73104041666667, 30.24946041666667, 4.0, 1346778069198
-97.73092073333333, 30.249398483333334, 3.0, 1346778073163
-97.73082463333333, 30.2493351, 4.0, 1346778077207
-97.73070138333334, 30.24929343333333, 3.0, 1346778081156
-97.73056661666666, 30.249272183333332, 3.0, 1346778085137
-97.7304521, 30.249245816666665, 3.0, 1346778089196
-97.73035456666666, 30.249201733333333, 3.0, 1346778093154
-97.73022935, 30.249169133333332, 3.0, 1346778097169
-97.73008113333333, 30.2491576, 3.0, 1346778101184
-97.72994535, 30.249159916666667, 3.0, 1346778105107
-97.7298219, 30.249166316666667, 3.0, 1346778109098
-97.72970073333333, 30.2491886, 3.0, 1346778113090
-97.72957665, 30.249174583333332, 3.0, 1346778117052
-97.72948978333334, 30.249121316666667, 3.0, 1346778121181
-97.729407, 30.249079083333335, 3.0, 1346778125130
-97.7293403, 30.24902625, 4.0, 1346778129179
-97.72920605, 30.248978083333334, 4.0, 1346778133189
-97.7290598, 30.2489265, 4.0, 1346778137151
-97.72893925, 30.248838366666668, 3.0, 1346778141032
-97.72882628333333, 30.248765766666665, 3.0, 1346778145130
-97.72871306666667, 30.24872465, 3.0, 1346778149170
-97.72862443333334, 30.248691, 3.0, 1346778153174
-97.72857293333334, 30.248709266666665, 4.0, 1346778157179
-97.72858128333333, 30.248709833333333, 6.0, 1346778163890
-97.72859788333334, 30.24870565, 4.0, 1346778165042
-97.72859915, 30.248662633333332, 3.0, 1346778168983
-97.72849096666667, 30.24860255, 3.0, 1346778173172
-97.72838053333334, 30.24854725, 3.0, 1346778177164
-97.72829146666666, 30.248490366666665, 3.0, 1346778181199
-97.7282113, 30.248431316666668, 3.0, 1346778185192
-97.72808851666667, 30.248401733333335, 3.0, 1346778189178
-97.72797695, 30.24838475, 3.0, 1346778193129
-97.72784986666667, 30.248375616666667, 3.0, 1346778197164
-97.72770795, 30.2483587, 3.0, 1346778201160
-97.72760603333333, 30.248326016666667, 3.0, 1346778205206
-97.72751361666667, 30.248309533333334, 3.0, 1346778209189
-97.72747488333333, 30.248309066666668, 3.0, 1346778213141
-97.72742606666667, 30.2483004, 3.0, 1346778217200
-97.72738291666667, 30.248267716666668, 3.0, 1346778221085
-97.72734255, 30.2482362, 3.0, 1346778225311
-97.72730173333333, 30.248211466666667, 4.0, 1346778229055
-97.7272658, 30.24819138333333, 3.0, 1346778233115
-97.72716693333334, 30.24814805, 3.0, 1346778237220
-97.72706043333334, 30.248079433333334, 6.0, 1346778241055
-97.72697551666667, 30.248009716666665, 3.0, 1346778245150
-97.72689578333333, 30.247930966666665, 4.0, 1346778249176
-97.72679438333333, 30.247831983333334, 8.0, 1346778253190
-97.72667085, 30.247749966666667, 6.0, 1346778257202
-97.72653121666667, 30.247708666666668, 4.0, 1346778261151
-97.7263812, 30.2476731, 4.0, 1346778265160
-97.72624416666666, 30.2476653, 4.0, 1346778269107
-97.72611805, 30.24769735, 3.0, 1346778273163
-97.72603525, 30.247753866666667, 3.0, 1346778278290
-97.72598895, 30.247805566666667, 3.0, 1346778278717
-97.7259325, 30.2478807, 3.0, 1346778281201
-97.72586138333334, 30.24796835, 3.0, 1346778285104
-97.72574831666667, 30.248006516666667, 3.0, 1346778289074
-97.72562718333333, 30.248025366666667, 3.0, 1346778293142
-97.7255019, 30.248034233333332, 3.0, 1346778297066
-97.72538238333334, 30.248028383333335, 3.0, 1346778301057
-97.72526356666667, 30.248004766666668, 3.0, 1346778305100
-97.72516471666667, 30.247982133333334, 3.0, 1346778309104
-97.72505908333333, 30.24793765, 3.0, 1346778313144
-97.7249423, 30.247891816666666, 3.0, 1346778317077
-97.72483903333334, 30.247866016666666, 3.0, 1346778321170
-97.72473703333333, 30.24784246666667, 3.0, 1346778325069
-97.72460036666666, 30.247797383333335, 3.0, 1346778329165
-97.7244762, 30.2477773, 3.0, 1346778333128
-97.72435965, 30.24779485, 3.0, 1346778337162
-97.72426178333333, 30.247814783333332, 3.0, 1346778341130
-97.72413766666666, 30.247791883333335, 3.0, 1346778345123
-97.72402508333333, 30.247780516666666, 4.0, 1346778349179
-97.72393885, 30.247859916666666, 3.0, 1346778353193
-97.72386186666667, 30.247953533333334, 3.0, 1346778357157
-97.72379333333333, 30.248041816666667, 3.0, 1346778361025
-97.72370733333334, 30.248128283333333, 3.0, 1346778365196
-97.72364101666666, 30.24822255, 3.0, 1346778369888
-97.72361091666667, 30.248336116666668, 3.0, 1346778373143
-97.72357568333334, 30.248448733333333, 3.0, 1346778377015
-97.72354475, 30.24852935, 3.0, 1346778380156
-97.72353406666667, 30.2485798, 3.0, 1346778382120
-97.72352551666667, 30.24860363333333, 3.0, 1346778383149
-97.72348445, 30.24870635, 3.0, 1346778387161
-97.72346828333333, 30.2488029, 3.0, 1346778391095
-97.72345188333334, 30.24891745, 3.0, 1346778395182
-97.72344456666667, 30.249032566666667, 3.0, 1346778399182
-97.72341611666667, 30.249098016666668, 3.0, 1346778403169
-97.72340738333334, 30.249124033333334, 3.0, 1346778407073
-97.72341115, 30.249117166666668, 3.0, 1346778410990
-97.72340711666666, 30.2491278, 3.0, 1346778415128
-97.72338693333333, 30.24917251666667, 4.0, 1346778419014
-97.72332618333333, 30.249252133333332, 4.0, 1346778422984
-97.72323968333333, 30.249320166666667, 4.0, 1346778427171
-97.7231543, 30.249380233333333, 4.0, 1346778431111
-97.72312753333334, 30.24946625, 4.0, 1346778435156
-97.7231167, 30.249560866666666, 4.0, 1346778439163
-97.72315176666666, 30.249634633333333, 4.0, 1346778444506
-97.72318331666666, 30.249728883333333, 4.0, 1346778447053
-97.72319813333333, 30.24984286666667, 3.0, 1346778451075
-97.72310435, 30.24992235, 3.0, 1346778455136
-97.72296376666667, 30.249948016666668, 3.0, 1346778459120
-97.72284928333333, 30.249916183333333, 4.0, 1346778463159
-97.72273838333334, 30.249874333333334, 3.0, 1346778467180
-97.72265656666667, 30.24984555, 3.0, 1346778471113
-97.72263246666667, 30.249811233333332, 4.0, 1346778475201
-97.72262688333333, 30.249822166666668, 4.0, 1346778479022
-97.72259821666667, 30.249850716666668, 3.0, 1346778483025
-97.7225446, 30.249844966666668, 3.0, 1346778487107
-97.72249066666667, 30.249815833333333, 3.0, 1346778491147
-97.72245311666667, 30.2497954, 3.0, 1346778495156
-97.72240381666667, 30.24978915, 3.0, 1346778499047
-97.722314, 30.249755066666665, 3.0, 1346778503185
-97.72218516666666, 30.249726683333332, 3.0, 1346778507133
-97.72206763333334, 30.2496968, 3.0, 1346778511053
-97.72193458333334, 30.24966295, 3.0, 1346778514993
-97.72181493333333, 30.24969481666667, 3.0, 1346778519047
-97.72175906666666, 30.24979331666667, 3.0, 1346778523124
-97.72171298333333, 30.249893216666667, 4.0, 1346778527039
-97.72166983333334, 30.249990983333333, 6.0, 1346778531102
-97.72163683333333, 30.250072, 3.0, 1346778536408
-97.72159393333334, 30.250159583333332, 3.0, 1346778539135
-97.7215589, 30.25022695, 3.0, 1346778543181
-97.72152915, 30.250313816666665, 3.0, 1346778547165
-97.72149245, 30.250406716666667, 4.0, 1346778551165
-97.72144128333333, 30.25051125, 4.0, 1346778555085
-97.72140185, 30.250610583333334, 4.0, 1346778559050
-97.72133346666666, 30.25069375, 6.0, 1346778562981
-97.72128098333333, 30.2508066, 4.0, 1346778567190
-97.7212593, 30.25089005, 4.0, 1346778571073
-97.72125416666667, 30.25096865, 6.0, 1346778575041
-97.72122438333334, 30.25109795, 4.0, 1346778579129
-97.7211585, 30.251213666666665, 4.0, 1346778583182
-97.72108625, 30.25130845, 4.0, 1346778587167
-97.72101985, 30.251380933333333, 6.0, 1346778591110
-97.72099683333333, 30.2514752, 4.0, 1346778595157
-97.72093643333334, 30.251560066666666, 4.0, 1346778599114
-97.72081865, 30.251598516666668, 4.0, 1346778603011
-97.72069255, 30.251592433333332, 4.0, 1346778607129
-97.72057483333333, 30.25155145, 4.0, 1346778611021
-97.7204668, 30.251515933333334, 6.0, 1346778615187
-97.7203481, 30.251496266666667, 4.0, 1346778619163
-97.72024585, 30.2514455, 4.0, 1346778623160
-97.72017551666667, 30.251396983333333, 4.0, 1346778627051
-97.72005803333333, 30.2513533, 4.0, 1346778631176
-97.71995053333333, 30.251325033333334, 6.0, 1346778635540
-97.71982376666666, 30.251317833333335, 6.0, 1346778639041
-97.71971253333334, 30.25128825, 4.0, 1346778642991
-97.71960283333334, 30.251249866666665, 6.0, 1346778647043
-97.71949003333333, 30.251204683333334, 6.0, 1346778651265
-97.71935418333334, 30.25116375, 4.0, 1346778655130
-97.7192499, 30.25114213333333, 4.0, 1346778659143
-97.7191188, 30.251175066666665, 4.0, 1346778663133
-97.71896308333334, 30.251204116666667, 4.0, 1346778667162
-97.71880875, 30.251188066666668, 4.0, 1346778671199
-97.71877463333334, 30.251180466666668, 4.0, 1346778672166
-97.71871591666667, 30.251147883333335, 4.0, 1346778674125
-97.71861443333333, 30.251076283333333, 4.0, 1346778678165
-97.71859311666667, 30.251059283333333, 4.0, 1346778679155
-97.71852898333333, 30.25095535, 4.0, 1346778683200
-97.71853633333333, 30.250832533333334, 4.0, 1346778687038
-97.7185588, 30.2507129, 8.0, 1346778691130
-97.7186124, 30.25061225, 6.0, 1346778695199
-97.71865616666666, 30.2505035, 6.0, 1346778699158
-97.71861126666667, 30.250412433333334, 4.0, 1346778703128
-97.71843176666667, 30.250387216666667, 3.0, 1346778707115
-97.71827188333333, 30.250368366666667, 4.0, 1346778711155
-97.71811368333333, 30.250383333333332, 4.0, 1346778715160
-97.71794626666667, 30.250409233333333, 3.0, 1346778721564
-97.71780078333333, 30.250444983333335, 3.0, 1346778723081
-97.71764066666667, 30.250468833333333, 3.0, 1346778727088
-97.71746306666667, 30.250507633333335, 3.0, 1346778731104
-97.71729426666667, 30.250536483333335, 3.0, 1346778735089
-97.71711231666667, 30.25057455, 6.0, 1346778739085
-97.7169736, 30.250603516666665, 6.0, 1346778743075
-97.71680643333333, 30.250623333333333, 3.0, 1346778747093
-97.71660028333334, 30.250651866666665, 3.0, 1346778751056
-97.71638361666666, 30.250643483333334, 3.0, 1346778755039
-97.71620968333333, 30.25061536666667, 3.0, 1346778759164
-97.7160362, 30.250604466666665, 3.0, 1346778763136
-97.71588801666667, 30.250618233333334, 3.0, 1346778767107
-97.71568096666667, 30.2506331, 3.0, 1346778771015
-97.71552391666667, 30.250641183333332, 3.0, 1346778775139
-97.71534713333334, 30.25063395, 4.0, 1346778779148
-97.71519978333333, 30.250664166666667, 4.0, 1346778783171
-97.7151415, 30.250711766666665, 4.0, 1346778787158
-97.7151325, 30.25075156666667, 3.0, 1346778791012
-97.7151046, 30.250780383333332, 3.0, 1346778795160
-97.71509456666666, 30.250820966666666, 3.0, 1346778799157
-97.71507925, 30.25085465, 3.0, 1346778803139
-97.71504111666667, 30.250890933333334, 3.0, 1346778807163
-97.71502495, 30.250935066666667, 3.0, 1346778811158
-97.71501028333333, 30.2509839, 3.0, 1346778815131
-97.71497795, 30.251035366666667, 3.0, 1346778819455
-97.7149481, 30.251074833333334, 3.0, 1346778823714
-97.71492871666666, 30.251125883333334, 3.0, 1346778827237
-97.71484885, 30.251194116666667, 3.0, 1346778831281
-97.71477276666667, 30.2512619, 3.0, 1346778835117
-97.71467811666666, 30.251302333333335, 3.0, 1346778839112
-97.71454853333333, 30.2513015, 3.0, 1346778843145
-97.71442851666667, 30.251303416666666, 4.0, 1346778847057
-97.71435273333333, 30.251295716666668, 3.0, 1346778851117
-97.71432213333334, 30.251273983333334, 4.0, 1346778855071
-97.71429746666666, 30.2512439, 6.0, 1346778859147
-97.71425535, 30.2512431, 3.0, 1346778863166
-97.71416558333334, 30.25126505, 3.0, 1346778867140
-97.71404753333333, 30.251275683333333, 3.0, 1346778871162
-97.71391525, 30.251272133333334, 3.0, 1346778875090
-97.71385548333333, 30.25126315, 3.0, 1346778877163
-97.71374376666667, 30.25126545, 3.0, 1346778881004
-97.71364176666667, 30.2513199, 3.0, 1346778885175
-97.71349765, 30.25134845, 3.0, 1346778889150
-97.71342463333333, 30.251305583333334, 4.0, 1346778893194
-97.71346773333333, 30.251185616666667, 3.0, 1346778897149
-97.71350358333333, 30.2510706, 3.0, 1346778901063
-97.71352723333334, 30.250973383333335, 4.0, 1346778905141
-97.7135403, 30.250860366666668, 6.0, 1346778909116
-97.71356371666667, 30.250731133333332, 8.0, 1346778913160
-97.71358946666666, 30.250610816666665, 12.0, 1346778917144
-97.7136124, 30.250478966666666, 6.0, 1346778923516
-97.71365936666666, 30.250374066666666, 4.0, 1346778925062
-97.71367781666666, 30.250255483333333, 6.0, 1346778929271
-97.71367505, 30.25014965, 6.0, 1346778933107
-97.71366661666667, 30.250031383333333, 6.0, 1346778937172
-97.71365543333333, 30.249911983333334, 6.0, 1346778941292
-97.7136479, 30.249816866666666, 6.0, 1346778945109
-97.71364481666667, 30.249704716666667, 6.0, 1346778949118
-97.71365935, 30.2495861, 4.0, 1346778953124
-97.71369388333333, 30.249480783333333, 4.0, 1346778957177
-97.7137222, 30.249384966666668, 6.0, 1346778961115
-97.713744, 30.249283666666667, 6.0, 1346778965132
-97.71374901666667, 30.2491819, 4.0, 1346778969131
-97.71377425, 30.249070183333334, 6.0, 1346778973165
-97.71380838333333, 30.248964766666667, 4.0, 1346778977096
-97.7138196, 30.24885265, 3.0, 1346778981135
-97.71382688333334, 30.248748916666667, 3.0, 1346778985099
-97.71383146666666, 30.248648066666668, 4.0, 1346778989108
-97.71384398333333, 30.248535183333335, 4.0, 1346778993095
-97.71389245, 30.24840805, 6.0, 1346778997106
-97.71394321666666, 30.2482631, 6.0, 1346779001100
-97.71398936666667, 30.24814225, 6.0, 1346779005144
-97.71406211666667, 30.248041116666666, 6.0, 1346779009203
-97.71412153333333, 30.24792005, 6.0, 1346779013161
-97.71420063333333, 30.247830183333335, 6.0, 1346779017156
-97.71430791666667, 30.247757016666668, 4.0, 1346779021157
-97.71441788333334, 30.2476825, 4.0, 1346779025245
-97.7145161, 30.24762955, 6.0, 1346779029103
-97.7146316, 30.247571, 4.0, 1346779033101
-97.71473121666666, 30.24751675, 4.0, 1346779039900
-97.71480765, 30.2474354, 4.0, 1346779041058
-97.71488688333334, 30.247342966666668, 4.0, 1346779045139
-97.7149731, 30.247261966666667, 6.0, 1346779049118
-97.7150242, 30.24716495, 6.0, 1346779053130
-97.7150897, 30.247070816666668, 4.0, 1346779057173
-97.7151426, 30.24694955, 4.0, 1346779061155
-97.7151551, 30.246808683333334, 4.0, 1346779065235
-97.71515496666666, 30.246693183333335, 4.0, 1346779069140
-97.71518905, 30.2466069, 3.0, 1346779073092
-97.71520921666666, 30.246510783333335, 3.0, 1346779077165
-97.71522991666667, 30.2464027, 6.0, 1346779081126
-97.71529833333334, 30.246299433333334, 4.0, 1346779085070
-97.71539473333333, 30.246221766666668, 4.0, 1346779089148
-97.71548488333333, 30.246141666666666, 4.0, 1346779093156
-97.71557635, 30.246055383333335, 4.0, 1346779097123
-97.71568245, 30.245982916666666, 4.0, 1346779101185
-97.71577688333333, 30.245912783333335, 4.0, 1346779105107
-97.71588095, 30.245837183333332, 6.0, 1346779109162
-97.71596028333333, 30.245760766666667, 4.0, 1346779113149
-97.71601146666667, 30.2456722, 3.0, 1346779117157
-97.71606143333334, 30.245569683333333, 6.0, 1346779121178
-97.71613161666667, 30.245439966666666, 6.0, 1346779125164
-97.71621803333333, 30.245343416666667, 4.0, 1346779129148
-97.71628823333333, 30.245235583333333, 4.0, 1346779133147
-97.71637845, 30.245134383333333, 3.0, 1346779137210
-97.71645096666667, 30.245015783333333, 4.0, 1346779143844
-97.71650966666667, 30.244906683333333, 4.0, 1346779145157
-97.71655226666667, 30.2447854, 4.0, 1346779149078
-97.71657543333333, 30.2446567, 4.0, 1346779153152
-97.71653375, 30.244542666666668, 4.0, 1346779157164
-97.71649505, 30.2444357, 4.0, 1346779161160
-97.71648255, 30.244335333333332, 4.0, 1346779165099
-97.71647668333334, 30.2442712, 4.0, 1346779169164
-97.71646328333334, 30.2442263, 6.0, 1346779173066
-97.71645881666667, 30.244196716666668, 6.0, 1346779177161
-97.71646453333334, 30.24417825, 4.0, 1346779180989
-97.71648231666667, 30.24412415, 4.0, 1346779185127
-97.71649125, 30.244107233333335, 4.0, 1346779186010
-97.71650965, 30.244074, 3.0, 1346779187973
-97.71653628333334, 30.244019833333333, 3.0, 1346779192174
-97.71657058333334, 30.243960983333334, 4.0, 1346779196167
-97.71657355, 30.243923833333334, 4.0, 1346779200193
-97.71659641666666, 30.2438927, 4.0, 1346779204104
-97.71667055, 30.2438239, 3.0, 1346779208168
-97.71673541666667, 30.24376845, 6.0, 1346779212125
-97.71674325, 30.243729983333335, 6.0, 1346779216034
-97.71672521666666, 30.243694966666666, 4.0, 1346779220127
-97.71673308333334, 30.24365896666667, 4.0, 1346779224126
-97.71676153333334, 30.24363905, 4.0, 1346779228158
-97.71676063333334, 30.2436106, 6.0, 1346779232010
-97.71677576666667, 30.243599933333332, 6.0, 1346779236159
-97.71683966666667, 30.243581816666666, 6.0, 1346779239973
-97.71693981666667, 30.243596266666668, 8.0, 1346779247230
-97.71708428333334, 30.243615216666665, 6.0, 1346779248158
-97.7171899, 30.24361465, 6.0, 1346779252129
-97.71727356666666, 30.243611, 8.0, 1346779256104
-97.71735198333333, 30.2436052, 4.0, 1346779260132
-97.71740458333333, 30.2435903, 4.0, 1346779264062
-97.71743253333334, 30.24354905, 4.0, 1346779268140
-97.71744013333333, 30.243526666666668, 4.0, 1346779272157
-97.7174586, 30.2435307, 4.0, 1346779275887
-97.71755288333334, 30.24351795, 6.0, 1346779280089
-97.71763886666666, 30.243500916666665, 6.0, 1346779284011
-97.71773138333333, 30.243467566666666, 3.0, 1346779288026
-97.71779685, 30.24345175, 3.0, 1346779292141
-97.71785625, 30.243437533333335, 3.0, 1346779296117
-97.71789395, 30.24342565, 4.0, 1346779300138
-97.71799185, 30.243423333333332, 4.0, 1346779304060
-97.71810035, 30.2434024, 4.0, 1346779308124
-97.71821826666667, 30.243418283333334, 3.0, 1346779312147
-97.71831695, 30.243433483333334, 3.0, 1346779316216
-97.7183714, 30.243438733333335, 4.0, 1346779320134
-97.71838765, 30.24343968333333, 4.0, 1346779324102
-97.71837963333333, 30.243441133333334, 4.0, 1346779327943
-97.7183746, 30.243449916666666, 4.0, 1346779331976
-97.7184019, 30.243445233333333, 6.0, 1346779336013
-97.71841341666666, 30.243445816666668, 6.0, 1346779339964
-97.7184273, 30.243438566666665, 4.0, 1346779343974
-97.71843706666667, 30.243438383333334, 4.0, 1346779347978
-97.71848463333333, 30.24342791666667, 6.0, 1346779351964
-97.718596, 30.24339495, 6.0, 1346779356063
-97.71873255, 30.243353683333332, 6.0, 1346779360241
-97.7187946, 30.243340266666667, 4.0, 1346779364147
-97.71881963333334, 30.243322783333333, 6.0, 1346779368009
-97.71889041666667, 30.243348366666666, 6.0, 1346779373222
-97.71897791666666, 30.24335638333333, 8.0, 1346779376788
-97.71906498333334, 30.243351283333332, 12.0, 1346779380106
-97.71917833333333, 30.243442683333335, 6.0, 1346779384004
-97.7193161, 30.2435023, 6.0, 1346779388167
-97.7194139, 30.24353028333333, 4.0, 1346779392174
-97.71942806666667, 30.243529183333333, 4.0, 1346779393149
-97.71943893333334, 30.243524366666666, 6.0, 1346779393986
-97.71945075, 30.243522366666667, 6.0, 1346779395137
-97.71946335, 30.243523966666668, 6.0, 1346779396005
-97.719479, 30.243528866666665, 4.0, 1346779397126
-97.71949666666667, 30.243537766666666, 4.0, 1346779397974
-97.71951541666667, 30.243549766666668, 4.0, 1346779399098
-97.71960348333333, 30.24356515, 4.0, 1346779402891
-97.7197, 30.2435863, 6.0, 1346779406788
-97.7198117, 30.24362225, 4.0, 1346779410910
-97.71993596666667, 30.243646283333334, 6.0, 1346779414795
-97.72004811666666, 30.243715233333333, 6.0, 1346779418766
-97.72016813333333, 30.243804516666668, 6.0, 1346779422872
-97.72026073333333, 30.243904016666665, 4.0, 1346779427002
-97.7203639, 30.24396695, 4.0, 1346779430861
-97.72047283333333, 30.244022216666668, 4.0, 1346779434844
-97.7205886, 30.2440533, 3.0, 1346779438852
-97.72070356666667, 30.244086916666667, 4.0, 1346779442896
-97.72081396666667, 30.244134933333335, 3.0, 1346779446907
-97.72092871666666, 30.244147316666666, 4.0, 1346779450925
-97.72106321666666, 30.244116666666667, 6.0, 1346779454919
-97.72120305, 30.244128016666668, 4.0, 1346779458875
-97.72131206666667, 30.244175883333334, 4.0, 1346779465788
-97.72142406666667, 30.244188783333332, 3.0, 1346779466854
-97.72149733333333, 30.2442142, 3.0, 1346779470887
-97.72159395, 30.244294283333332, 3.0, 1346779474862
-97.72168193333333, 30.244357966666666, 6.0, 1346779478948
-97.72179945, 30.2444144, 3.0, 1346779482843
-97.72191531666667, 30.244475633333334, 4.0, 1346779486929
-97.72202871666667, 30.244534333333334, 3.0, 1346779490845
-97.72213448333333, 30.244583316666667, 4.0, 1346779494713
-97.7222544, 30.2446319, 3.0, 1346779498761
-97.72236415, 30.244695216666667, 3.0, 1346779502803
-97.7224725, 30.244744416666666, 3.0, 1346779506844
-97.72256565, 30.244824916666666, 3.0, 1346779510814
-97.72263308333333, 30.244942183333333, 3.0, 1346779514921
-97.72266953333333, 30.245056533333333, 3.0, 1346779518888
-97.72265056666667, 30.24516725, 3.0, 1346779522863
-97.72266031666666, 30.24520945, 3.0, 1346779526864
-97.72266863333333, 30.24519245, 3.0, 1346779530758
-97.72268161666666, 30.245113133333334, 3.0, 1346779534690
-97.72269281666667, 30.2450185, 3.0, 1346779538909
-97.72266906666667, 30.244928, 6.0, 1346779542899
-97.72258531666667, 30.2448414, 4.0, 1346779546950
-97.72250126666667, 30.244755033333334, 4.0, 1346779550928
-97.7224444, 30.244663916666667, 6.0, 1346779554900
-97.72246748333333, 30.244595766666666, 4.0, 1346779558788
-97.7225715, 30.2445918, 3.0, 1346779562787
-97.722653, 30.244609883333332, 4.0, 1346779569257
-97.72273545, 30.244639283333335, 3.0, 1346779571800
-97.72283695, 30.244680416666668, 4.0, 1346779574869
-97.72295146666667, 30.244698483333334, 4.0, 1346779578871
-97.72307545, 30.244734883333333, 4.0, 1346779582835
-97.72318095, 30.244762383333335, 6.0, 1346779586822
-97.72328553333334, 30.244769, 4.0, 1346779590869
-97.7234492, 30.2448104, 6.0, 1346779594847
-97.72358251666667, 30.2448167, 4.0, 1346779598849
-97.72368806666667, 30.244799483333335, 4.0, 1346779602750
-97.72379796666667, 30.24480975, 4.0, 1346779606969
-97.72393458333333, 30.244820283333333, 3.0, 1346779610821
-97.72407728333333, 30.2448191, 4.0, 1346779614875
-97.72419075, 30.244846816666666, 6.0, 1346779618801
-97.72427136666667, 30.244876383333335, 6.0, 1346779623007
-97.72435916666667, 30.244931683333334, 6.0, 1346779626928
-97.72449053333334, 30.245011583333334, 6.0, 1346779630788
-97.72458175, 30.245095366666668, 4.0, 1346779634780
-97.72464946666666, 30.24518326666667, 3.0, 1346779638798
-97.7247477, 30.24527, 6.0, 1346779642867
-97.72487366666667, 30.245319733333332, 4.0, 1346779646770
-97.72500483333333, 30.24534985, 4.0, 1346779650895
-97.72514473333334, 30.245365616666668, 3.0, 1346779654852
-97.72527386666667, 30.24539265, 3.0, 1346779658825
-97.72540836666667, 30.24542485, 3.0, 1346779662904
-97.72551545, 30.245436366666667, 3.0, 1346779666767
-97.72563195, 30.245440433333332, 3.0, 1346779670902
-97.72574303333333, 30.245451366666668, 3.0, 1346779676913
-97.72585368333333, 30.2454736, 4.0, 1346779678746
-97.72598088333334, 30.24549015, 3.0, 1346779682755
-97.72611663333333, 30.245507166666666, 4.0, 1346779686784
-97.72625608333334, 30.245544016666667, 8.0, 1346779690872
-97.72639941666667, 30.2455476, 6.0, 1346779694848
-97.72654523333334, 30.245531983333333, 6.0, 1346779698900
-97.72665646666667, 30.245515383333334, 4.0, 1346779702974
-97.72676733333333, 30.24547585, 4.0, 1346779706785
-97.72688703333333, 30.245429583333333, 3.0, 1346779710734
-97.72694223333333, 30.245383583333332, 3.0, 1346779714911
-97.72699268333334, 30.245370866666665, 3.0, 1346779718875
-97.72705996666667, 30.245399333333335, 3.0, 1346779722825
-97.7270537, 30.2454309, 6.0, 1346779726606
-97.72703191666666, 30.24543308333333, 4.0, 1346779730917
-97.72704516666667, 30.24538505, 3.0, 1346779734672
-97.72706961666667, 30.24534375, 4.0, 1346779738832
-97.72712353333333, 30.245320016666668, 3.0, 1346779742905
-97.72723018333333, 30.2453032, 4.0, 1346779746883
-97.72731533333334, 30.24528086666667, 6.0, 1346779750802
-97.72740663333333, 30.24524295, 6.0, 1346779754896
-97.72746061666666, 30.245180583333333, 8.0, 1346779758819
-97.72751733333334, 30.24506975, 4.0, 1346779762825
-97.72760035, 30.244966416666667, 4.0, 1346779766880
-97.7276921, 30.24491805, 4.0, 1346779773776
-97.72781135, 30.244895016666668, 4.0, 1346779774796
-97.72794938333334, 30.244893383333334, 4.0, 1346779778760
-97.7280642, 30.244899666666665, 4.0, 1346779782848
-97.7281905, 30.24489013333333, 6.0, 1346779786857
-97.72833016666667, 30.244881033333332, 8.0, 1346779790860
-97.72845301666666, 30.244919833333334, 4.0, 1346779794826
-97.72858815, 30.244942383333335, 4.0, 1346779798844
-97.7287078, 30.244945766666667, 4.0, 1346779802752
-97.72882238333334, 30.244955033333333, 4.0, 1346779806891
-97.72889503333333, 30.24496445, 4.0, 1346779810926
-97.72894895, 30.244989666666665, 6.0, 1346779814759
-97.7289953, 30.245012283333335, 6.0, 1346779818799
-97.72905178333333, 30.24501595, 6.0, 1346779822749
-97.7291089, 30.245011716666667, 6.0, 1346779826817
-97.72917031666667, 30.245029, 6.0, 1346779830840
-97.72929895, 30.245017783333335, 8.0, 1346779834738
-97.72938488333334, 30.245008033333335, 6.0, 1346779838913
-97.72945225, 30.245040616666667, 6.0, 1346779842889
-97.72953571666666, 30.2450544, 8.0, 1346779846902
-97.72954978333334, 30.245043366666668, 16.0, 1346779850798
-97.72960241666667, 30.245004783333332, 24.0, 1346779854724
-97.72967843333333, 30.244987616666666, 12.0, 1346779858778
-97.72972276666667, 30.244976733333335, 12.0, 1346779862689
-97.7297925, 30.2449754, 16.0, 1346779866860
-97.72985681666667, 30.244974983333332, 16.0, 1346779870798
-97.72993023333333, 30.244962133333335, 16.0, 1346779874866
-97.73000836666667, 30.244957716666665, 16.0, 1346779880305
-97.73011156666666, 30.244901016666667, 12.0, 1346779882912
-97.73017391666667, 30.24485973333333, 16.0, 1346779886811
-97.73024148333333, 30.244841533333332, 24.0, 1346779890860
-97.73031801666667, 30.244852483333332, 12.0, 1346779894824
-97.73039475, 30.244933566666667, 8.0, 1346779898754
-97.7304412, 30.2450304, 6.0, 1346779902804
-97.73050281666667, 30.24515561666667, 4.0, 1346779906756
-97.73059101666666, 30.245285783333333, 4.0, 1346779910713
-97.7306693, 30.245373433333334, 4.0, 1346779914862
-97.73064948333334, 30.245382666666668, 4.0, 1346779918890
-97.73057066666667, 30.245339883333333, 6.0, 1346779922733
-97.73054265, 30.245335333333333, 4.0, 1346779926787
-97.73053688333333, 30.24533625, 4.0, 1346779931031
-97.73053853333333, 30.245333833333333, 4.0, 1346779934813
-97.73053851666667, 30.245333833333333, 4.0, 1346779938656
-97.73053828333333, 30.245334033333332, 4.0, 1346779942722
-97.73053826666667, 30.24533405, 6.0, 1346779946705
-97.73053825, 30.24533406666667, 8.0, 1346779950866
-97.73053831666667, 30.24533406666667, 6.0, 1346779954700
-97.73056665, 30.24538125, 6.0, 1346779958753
-97.73064165, 30.245470016666665, 4.0, 1346779962713
-97.7307368, 30.245557866666665, 6.0, 1346779966804
-97.73081521666667, 30.245654383333335, 6.0, 1346779970812
-97.73090798333334, 30.245747666666666, 4.0, 1346779974860
-97.73100576666667, 30.245829033333333, 6.0, 1346779978830
-97.73109023333333, 30.24588585, 6.0, 1346779982803
-97.73119701666667, 30.245921983333332, 4.0, 1346779987207
-97.73128203333333, 30.245978166666667, 3.0, 1346779990829
-97.73136198333333, 30.246049266666667, 4.0, 1346779994812
-97.7314729, 30.2461148, 4.0, 1346779998785
-97.73157223333334, 30.246191633333332, 4.0, 1346780002767
-97.7316594, 30.246249383333332, 4.0, 1346780006895
-97.73172285, 30.24631565, 6.0, 1346780010987
-97.73180526666667, 30.2463839, 6.0, 1346780014762
-97.73189326666666, 30.24644115, 8.0, 1346780018811
-97.73197076666666, 30.246511383333335, 6.0, 1346780022886
-97.73207801666666, 30.2465814, 6.0, 1346780026832
-97.73219826666667, 30.246669966666666, 6.0, 1346780030850
-97.7322972, 30.24675128333333, 3.0, 1346780034877
-97.73239585, 30.246817683333333, 3.0, 1346780038860
-97.7324772, 30.24688185, 3.0, 1346780042891
-97.73255345, 30.246960583333333, 6.0, 1346780046843
-97.73264943333334, 30.247052533333335, 4.0, 1346780050831
-97.73270826666666, 30.2471244, 4.0, 1346780055206
-97.73275735, 30.247212633333334, 4.0, 1346780058947
-97.7328666, 30.247284883333332, 4.0, 1346780062840
-97.73298151666667, 30.2473356, 8.0, 1346780066877
-97.73308123333334, 30.247392933333334, 8.0, 1346780070727
-97.73317941666667, 30.247449616666668, 6.0, 1346780074838
-97.73328866666667, 30.2474922, 6.0, 1346780078783
-97.73339686666667, 30.247589666666666, 6.0, 1346780082886
-97.73350345, 30.2476892, 12.0, 1346780086810
-97.73360905, 30.247737066666666, 12.0, 1346780090770
-97.73374098333333, 30.247758583333333, 6.0, 1346780094837
-97.7338592, 30.2478172, 4.0, 1346780098915
-97.73396661666666, 30.24785575, 4.0, 1346780102795
-97.73407775, 30.247903066666666, 6.0, 1346780106730
-97.73418495, 30.247942366666667, 6.0, 1346780110820
-97.7343023, 30.247953983333332, 6.0, 1346780114801
-97.73446598333334, 30.247968633333333, 4.0, 1346780118919
-97.73465328333333, 30.247965616666665, 4.0, 1346780122870
-97.73481485, 30.2480119, 6.0, 1346780126763
-97.73490986666667, 30.24804395, 6.0, 1346780130686
-97.73487218333334, 30.248013766666666, 4.0, 1346780134880
-97.73486678333333, 30.24800645, 4.0, 1346780138673
-97.73495601666667, 30.248017666666666, 4.0, 1346780142806
-97.73510843333334, 30.248044216666667, 4.0, 1346780146757
-97.73522145, 30.248074433333333, 4.0, 1346780150898
-97.73532431666666, 30.248097766666667, 4.0, 1346780154856
-97.73542801666666, 30.2481058, 3.0, 1346780158885
-97.73557066666666, 30.248126266666667, 4.0, 1346780162867
-97.73566323333333, 30.248129483333333, 3.0, 1346780166764
-97.73570875, 30.248142333333334, 3.0, 1346780170781
-97.73572333333334, 30.248155416666666, 3.0, 1346780174913
-97.73570976666667, 30.248162583333333, 3.0, 1346780178692
-97.7357108, 30.24816235, 3.0, 1346780182697
-97.7357138, 30.248163016666666, 3.0, 1346780186666
-97.73577606666667, 30.248185033333332, 3.0, 1346780190681
-97.73589301666667, 30.248236016666667, 3.0, 1346780194686
-97.73602476666667, 30.248269033333333, 3.0, 1346780198877
-97.73616571666666, 30.2483214, 3.0, 1346780202771
-97.7362747, 30.248370633333334, 4.0, 1346780208166
-97.73635618333333, 30.24843995, 4.0, 1346780210772
-97.73640885, 30.2484719, 3.0, 1346780214775
-97.73645548333333, 30.248485833333334, 4.0, 1346780218749
-97.73649728333334, 30.248518016666665, 4.0, 1346780222800
-97.73653691666667, 30.24855805, 3.0, 1346780226781
-97.73657828333333, 30.248567, 3.0, 1346780230887
-97.7366084, 30.2485765, 3.0, 1346780234837
-97.73663155, 30.248620966666667, 4.0, 1346780238786
-97.73665433333333, 30.24866425, 3.0, 1346780243537
-97.73668008333334, 30.248703966666667, 3.0, 1346780246880
-97.73669665, 30.248739233333332, 3.0, 1346780250846
-97.73670081666667, 30.248747216666665, 3.0, 1346780251706
-97.73670555, 30.248754183333332, 3.0, 1346780252675
-97.73670993333333, 30.24875925, 3.0, 1346780253844
-97.73671111666667, 30.2487607, 3.0, 1346780254624
-97.73672086666667, 30.248769833333334, 3.0, 1346780255725
-97.73672616666667, 30.248776316666667, 3.0, 1346780256706
-97.73673275, 30.24878595, 3.0, 1346780257782
-97.73673996666666, 30.248796083333332, 3.0, 1346780258705
-97.73674806666666, 30.248805733333334, 3.0, 1346780259646
-97.73675545, 30.248813533333333, 3.0, 1346780260723
-97.73676181666667, 30.248821633333332, 4.0, 1346780261692
-97.73676875, 30.248830066666667, 4.0, 1346780262687
-97.73677571666667, 30.2488397, 4.0, 1346780263856
-97.73678556666667, 30.24884965, 4.0, 1346780264697
-97.7367971, 30.248859633333332, 3.0, 1346780265631
-97.73680965, 30.24886903333333, 3.0, 1346780266753
-97.73682325, 30.248879, 3.0, 1346780267703
-97.73683546666666, 30.2488887, 3.0, 1346780268847
-97.73684685, 30.24889755, 3.0, 1346780269697
-97.736857, 30.248906366666667, 3.0, 1346780270874
-97.73686636666666, 30.2489163, 3.0, 1346780271678
-97.73687523333334, 30.2489266, 3.0, 1346780273040
-97.73690896666666, 30.248972, 3.0, 1346780281384
-97.7369516, 30.24901265, 3.0, 1346780281549
-97.73699113333333, 30.249046166666666, 3.0, 1346780285082
-97.73701901666666, 30.249080683333332, 3.0, 1346780289128
-97.73704293333333, 30.24910185, 4.0, 1346780292998
-97.73707023333333, 30.249129566666667, 3.0, 1346780296985
-97.73711183333333, 30.249158116666667, 4.0, 1346780301462
-97.73714771666667, 30.24919915, 3.0, 1346780305142
-97.73717015, 30.249244166666667, 3.0, 1346780309074
-97.73720126666667, 30.249301383333332, 3.0, 1346780313085
-97.73726915, 30.249331916666666, 4.0, 1346780316897
-97.73734591666667, 30.249345083333335, 4.0, 1346780321130
-97.7374275, 30.249367283333335, 4.0, 1346780325011
-97.73753373333334, 30.249436683333332, 6.0, 1346780329008
-97.73762655, 30.249483383333335, 4.0, 1346780333082
-97.7377409, 30.249538766666667, 6.0, 1346780337109
-97.73784741666667, 30.249605866666666, 6.0, 1346780340952
-97.73795105, 30.249655433333334, 6.0, 1346780345021
-97.73803581666667, 30.249715883333334, 6.0, 1346780349046
-97.73812543333334, 30.249792816666666, 8.0, 1346780353046
-97.73821468333334, 30.24984015, 8.0, 1346780357125
-97.73834266666667, 30.249864216666666, 6.0, 1346780361046
-97.73846955, 30.249908183333332, 8.0, 1346780365113
-97.7386001, 30.249934766666666, 6.0, 1346780369004
-97.73869301666667, 30.24996595, 4.0, 1346780373982
-97.73880748333333, 30.249994533333332, 4.0, 1346780376998
-97.73889911666667, 30.250022533333333, 8.0, 1346780380949
-97.73900713333333, 30.250048433333333, 6.0, 1346780385173
-97.73910828333334, 30.250081966666666, 6.0, 1346780389037
-97.73922871666667, 30.250091333333334, 6.0, 1346780393060
-97.73935613333333, 30.250141033333332, 6.0, 1346780397059
-97.73946285, 30.25019395, 6.0, 1346780401056
-97.73956501666666, 30.25025228333333, 4.0, 1346780405021
-97.73966801666667, 30.250288116666667, 6.0, 1346780409127
-97.73978408333333, 30.250375033333334, 6.0, 1346780413081
-97.73989825, 30.25045665, 6.0, 1346780417088
-97.73998865, 30.2505041, 6.0, 1346780421135
-97.74009583333333, 30.250571083333334, 6.0, 1346780425076
-97.74018565, 30.250635766666665, 4.0, 1346780429010
-97.74026923333334, 30.25070135, 4.0, 1346780433053
-97.74033128333333, 30.25076845, 4.0, 1346780437044
-97.74039678333334, 30.250862566666665, 6.0, 1346780441038
-97.7404465, 30.2509619, 6.0, 1346780444933
-97.74048555, 30.251033416666665, 12.0, 1346780449009
-97.74053963333333, 30.251128533333333, 8.0, 1346780453044
-97.74058658333334, 30.251250116666668, 12.0, 1346780457140
-97.74067453333333, 30.251363266666665, 12.0, 1346780461250
-97.74073265, 30.251440416666668, 12.0, 1346780464993
-97.74078056666667, 30.251506883333334, 8.0, 1346780469875
-97.74087203333333, 30.25160145, 6.0, 1346780473036
-97.74096985, 30.251700116666665, 6.0, 1346780477089
-97.74107471666667, 30.251790383333333, 6.0, 1346780480964
-97.74115976666667, 30.251865083333332, 6.0, 1346780485035
-97.74120123333333, 30.251974116666666, 8.0, 1346780489074
-97.74129486666666, 30.252036666666665, 6.0, 1346780493078
-97.74142728333334, 30.252128, 6.0, 1346780496951
-97.74156385, 30.252150666666665, 6.0, 1346780500985
-97.74172018333333, 30.252194233333334, 8.0, 1346780504975
-97.74181843333334, 30.252287066666668, 6.0, 1346780509133
-97.74194755, 30.2523006, 6.0, 1346780513033
-97.74206093333333, 30.2523333, 6.0, 1346780517064
-97.74214251666666, 30.252411533333333, 4.0, 1346780521076
-97.74222661666667, 30.252527166666667, 4.0, 1346780525066
-97.74231503333333, 30.252613833333335, 4.0, 1346780529099
-97.7424155, 30.25269236666667, 3.0, 1346780533017
-97.7425369, 30.2527579, 3.0, 1346780537080
-97.74265621666666, 30.252789833333335, 6.0, 1346780541074
-97.74277015, 30.252852566666668, 4.0, 1346780544981
-97.7428855, 30.252935233333332, 4.0, 1346780550893
-97.74297426666666, 30.252985866666666, 4.0, 1346780553105
-97.74305971666666, 30.253060666666666, 4.0, 1346780557215
-97.74317018333333, 30.253152933333332, 4.0, 1346780561104
-97.74328776666667, 30.253239416666666, 4.0, 1346780565008
-97.74338906666667, 30.25332501666667, 6.0, 1346780569055
-97.74348455, 30.25343035, 6.0, 1346780572892
-97.74358481666667, 30.253531083333332, 6.0, 1346780577077
-97.7436837, 30.253632783333334, 8.0, 1346780581086
-97.74376976666667, 30.253674383333333, 6.0, 1346780585128
-97.74383153333333, 30.253770066666668, 6.0, 1346780589169
-97.74389076666667, 30.2538728, 6.0, 1346780593091
-97.74393798333334, 30.253976383333335, 6.0, 1346780597074
-97.74400153333333, 30.254073783333332, 6.0, 1346780601016
-97.74406373333333, 30.254175583333332, 4.0, 1346780604979
-97.7441152, 30.254273866666665, 4.0, 1346780609016
-97.74418235, 30.25436983333333, 4.0, 1346780613106
-97.74424678333334, 30.2544632, 4.0, 1346780617053
-97.74428646666667, 30.2545655, 4.0, 1346780621062
-97.74433801666666, 30.254687866666668, 4.0, 1346780625117
-97.74439858333334, 30.254822916666665, 4.0, 1346780629102
-97.7444679, 30.254944333333334, 4.0, 1346780633122
-97.74455206666667, 30.2550561, 6.0, 1346780636909
-97.74461976666667, 30.255126066666666, 6.0, 1346780640992
-97.7446922, 30.2552184, 6.0, 1346780645019
-97.74474958333333, 30.2552803, 4.0, 1346780650529
-97.74482956666667, 30.2553492, 4.0, 1346780652983
-97.74482111666667, 30.255440566666667, 3.0, 1346780657061
-97.74471478333334, 30.255505716666665, 3.0, 1346780661119
-97.7446214, 30.25556705, 4.0, 1346780665031
-97.74456593333333, 30.255625233333333, 3.0, 1346780669076
-97.74448368333333, 30.2556982, 3.0, 1346780673011
-97.74438021666667, 30.255804566666665, 3.0, 1346780677062
-97.744323, 30.255902266666666, 4.0, 1346780681174
-97.74428893333334, 30.256013716666665, 6.0, 1346780684976
-97.74424125, 30.25612335, 6.0, 1346780689080
-97.74413935, 30.25617955, 4.0, 1346780692936
-97.74403663333334, 30.256245866666667, 4.0, 1346780697101
-97.74400358333334, 30.25628695, 6.0, 1346780701003
-97.74393585, 30.256375333333335, 6.0, 1346780704982
-97.74384663333333, 30.256490633333332, 6.0, 1346780709167
-97.7437623, 30.256592433333335, 6.0, 1346780713037
-97.74365396666667, 30.256648016666666, 8.0, 1346780717034
-97.7435021, 30.2566682, 8.0, 1346780721148
-97.7433551, 30.256695116666666, 6.0, 1346780725079
-97.7432353, 30.256714116666668, 8.0, 1346780729101
-97.74315565, 30.2566976, 6.0, 1346780733056
-97.7431178, 30.256718466666666, 6.0, 1346780739715
-97.7430971, 30.25676118333333, 6.0, 1346780741068
-97.74308265, 30.256822783333334, 6.0, 1346780745046
-97.74305856666666, 30.256895966666665, 6.0, 1346780749045
-97.74304331666667, 30.256979116666667, 6.0, 1346780753066
-97.74302616666667, 30.257047966666665, 6.0, 1346780757061
-97.74303246666666, 30.257098983333332, 6.0, 1346780761041
-97.74302873333333, 30.257149333333334, 4.0, 1346780765027
-97.7429967, 30.257194133333332, 4.0, 1346780768974
-97.74299118333333, 30.257256, 4.0, 1346780772984
-97.74297953333334, 30.257289316666668, 6.0, 1346780777081
-97.74299863333333, 30.257333616666667, 3.0, 1346780781041
-97.74302281666667, 30.257392666666668, 3.0, 1346780785072
-97.74303955, 30.25745245, 3.0, 1346780789006
-97.7430504, 30.25751645, 3.0, 1346780792972
-97.74308175, 30.257574366666667, 4.0, 1346780797259
-97.74310645, 30.25764095, 6.0, 1346780801045
-97.74311766666666, 30.257725033333333, 6.0, 1346780805057
-97.74313413333333, 30.257776933333332, 6.0, 1346780808997
-97.7431388, 30.2578498, 4.0, 1346780813101
-97.74315828333333, 30.257909166666668, 4.0, 1346780816969
-97.74318373333334, 30.2579535, 6.0, 1346780820955
-97.74320213333333, 30.257972533333334, 6.0, 1346780826120
-97.74321325, 30.2580176, 6.0, 1346780829026
-97.74321941666666, 30.258072266666666, 8.0, 1346780832983
-97.743246, 30.25812985, 4.0, 1346780837045
-97.74328556666667, 30.25818885, 4.0, 1346780841044
-97.74331261666667, 30.258224266666666, 6.0, 1346780845063
-97.74331838333333, 30.258238666666667, 8.0, 1346780848941
-97.74332255, 30.258257666666665, 6.0, 1346780852818
-97.7433639, 30.2583381, 6.0, 1346780857061
-97.74339833333333, 30.258392266666668, 6.0, 1346780861018
-97.74341555, 30.258424466666668, 6.0, 1346780865002
-97.74343135, 30.258449683333332, 4.0, 1346780869093
-97.74344688333333, 30.258536883333335, 4.0, 1346780873128
-97.7434902, 30.25864055, 6.0, 1346780877083
-97.74353671666667, 30.25874995, 6.0, 1346780881008
-97.74357931666667, 30.25880125, 6.0, 1346780885049
-97.74363088333334, 30.25888515, 6.0, 1346780888935
-97.7436567, 30.258955816666667, 6.0, 1346780892964
-97.74364795, 30.259001466666668, 6.0, 1346780897102
-97.743657, 30.259033733333332, 8.0, 1346780901038
-97.74369036666667, 30.25907085, 6.0, 1346780905092
-97.74371446666666, 30.2591314, 4.0, 1346780909071
-97.74373378333334, 30.25922075, 6.0, 1346780912989
-97.74377091666666, 30.2593152, 4.0, 1346780917025
-97.74381013333333, 30.259381616666666, 4.0, 1346780921093
-97.74385298333334, 30.25942865, 8.0, 1346780924977
-97.74391166666666, 30.259515166666667, 8.0, 1346780928990
-97.74399351666666, 30.259638716666668, 8.0, 1346780933303
-97.74405266666666, 30.259764016666665, 6.0, 1346780937024
-97.74410961666666, 30.259827533333333, 6.0, 1346780941043
-97.74417501666667, 30.2599025, 6.0, 1346780945181
-97.74424688333333, 30.259965516666668, 4.0, 1346780949063
-97.74431396666667, 30.26002018333333, 6.0, 1346780953024
-97.74438696666667, 30.2600932, 8.0, 1346780956996
-97.74445925, 30.260202116666665, 8.0, 1346780960978
-97.74455401666667, 30.260272416666666, 6.0, 1346780965100
-97.74466381666667, 30.260332816666665, 6.0, 1346780969119
-97.7447891, 30.260403583333332, 4.0, 1346780973033
-97.74487913333333, 30.260448983333333, 4.0, 1346780977015
-97.74495398333333, 30.260490283333333, 6.0, 1346780981010
-97.74505698333333, 30.2605479, 6.0, 1346780984958
-97.74514768333333, 30.260594216666668, 6.0, 1346780989040
-97.7452455, 30.260620933333332, 4.0, 1346780993056
-97.74536933333333, 30.260659066666665, 4.0, 1346780997033
-97.74550485, 30.260689666666668, 6.0, 1346781000873
-97.7456173, 30.26072525, 8.0, 1346781005076
-97.7456214, 30.260760116666667, 6.0, 1346781009023
-97.74562791666666, 30.2608012, 6.0, 1346781013005
-97.74574305, 30.260868233333333, 6.0, 1346781017739
-97.74587901666666, 30.260918333333333, 8.0, 1346781021128
-97.74600588333334, 30.260984766666667, 16.0, 1346781025106
-97.74617405, 30.261013433333332, 8.0, 1346781029118
-97.74628831666666, 30.2610201, 8.0, 1346781033098
-97.7463949, 30.26102035, 8.0, 1346781037067
-97.74646781666667, 30.2610491, 6.0, 1346781040953
-97.74660238333334, 30.26110368333333, 6.0, 1346781045009
-97.74673885, 30.261139033333333, 8.0, 1346781048991
-97.74688116666667, 30.261169066666668, 12.0, 1346781053120
-97.74699231666666, 30.261214866666666, 12.0, 1346781057083
-97.74709166666666, 30.261252066666668, 12.0, 1346781060989
-97.74719621666667, 30.261294033333332, 12.0, 1346781065037
-97.74728988333334, 30.261306716666667, 12.0, 1346781068973
-97.74738975, 30.261349433333333, 8.0, 1346781072952
-97.74748726666667, 30.2613663, 4.0, 1346781076927
-97.74758095, 30.2613949, 3.0, 1346781081102
-97.7476808, 30.26144865, 4.0, 1346781085006
-97.74780285, 30.261485683333333, 3.0, 1346781089017
-97.74788728333333, 30.261576566666665, 4.0, 1346781093037
-97.74794153333333, 30.26167166666667, 4.0, 1346781097057
-97.74800143333333, 30.2617717, 4.0, 1346781101006
-97.74807271666667, 30.26184035, 3.0, 1346781105106
-97.74812586666667, 30.261919516666666, 6.0, 1346781109057
-97.7481438, 30.261981083333332, 6.0, 1346781113145
-97.74819295, 30.262036766666668, 6.0, 1346781117092
-97.74828653333333, 30.262082416666665, 6.0, 1346781121114
-97.74834923333333, 30.262080216666668, 8.0, 1346781125126
-97.74839715, 30.262034233333335, 8.0, 1346781131047
-97.74844816666666, 30.26198935, 6.0, 1346781132949
-97.7484697, 30.261964333333335, 6.0, 1346781137010
-97.7484786, 30.2619148, 6.0, 1346781141008
-97.74851801666667, 30.261835516666668, 8.0, 1346781145013
-97.74855631666667, 30.261753383333332, 6.0, 1346781149002
-97.74853935, 30.261732283333334, 6.0, 1346781153053
-97.74851985, 30.261736916666667, 4.0, 1346781157033
-97.74852608333333, 30.261737216666667, 4.0, 1346781160856
-97.74852971666667, 30.26174185, 4.0, 1346781164911
-97.74853128333334, 30.261745916666666, 4.0, 1346781168889
-97.74851681666667, 30.26180535, 4.0, 1346781173221
-97.7485094, 30.2618648, 6.0, 1346781177001
-97.7484894, 30.261937833333334, 6.0, 1346781181041
-97.74845351666667, 30.262012316666667, 6.0, 1346781184938
-97.74843193333334, 30.262054183333333, 6.0, 1346781189079
-97.74840013333333, 30.262119933333334, 8.0, 1346781192900
-97.74837625, 30.26218875, 8.0, 1346781197055
-97.74837408333333, 30.2622592, 4.0, 1346781201167
-97.74830885, 30.262335683333333, 6.0, 1346781205078
-97.74826753333333, 30.26240815, 8.0, 1346781208971
-97.74823611666666, 30.2624711, 6.0, 1346781212943
-97.74817796666666, 30.26255455, 8.0, 1346781217105
-97.74813895, 30.262581383333334, 6.0, 1346781221380
-97.74812163333333, 30.2626363, 6.0, 1346781225154
-97.74811163333334, 30.26269955, 8.0, 1346781228986
-97.74809835, 30.262750083333334, 6.0, 1346781232941
-97.74803635, 30.262800516666665, 6.0, 1346781237090
-97.74804515, 30.262855083333335, 6.0, 1346781241153
-97.74804391666666, 30.262893083333335, 8.0, 1346781244992
-97.7480405, 30.2629927, 12.0, 1346781248924
-97.74805533333333, 30.263067683333333, 12.0, 1346781253136
-97.74803338333334, 30.26312465, 8.0, 1346781257106
-97.74802453333334, 30.263188766666666, 6.0, 1346781261093
-97.74802491666667, 30.263252966666666, 8.0, 1346781265139
-97.7479915, 30.263312916666667, 8.0, 1346781269044
-97.74796835, 30.263362533333332, 6.0, 1346781273138
-97.74795918333334, 30.263394133333332, 8.0, 1346781277237
-97.74796141666667, 30.2634638, 8.0, 1346781281055
-97.74797093333333, 30.263523533333334, 6.0, 1346781285055
-97.74796188333333, 30.26354865, 6.0, 1346781289119
-97.74793328333334, 30.263602, 8.0, 1346781293023
-97.74790156666667, 30.263658066666668, 8.0, 1346781297936
-97.74787446666667, 30.26371585, 8.0, 1346781300992
-97.74786036666667, 30.263768283333334, 6.0, 1346781305042
-97.7478835, 30.263782066666668, 6.0, 1346781309086
-97.74789883333334, 30.26378963333333, 6.0, 1346781312826
-97.74789941666667, 30.2638444, 6.0, 1346781316843
-97.74792841666667, 30.26389186666667, 4.0, 1346781320972
-97.74795363333334, 30.263991683333334, 8.0, 1346781325036
-97.74799011666667, 30.26408175, 8.0, 1346781328957
-97.74802436666667, 30.264150283333333, 6.0, 1346781332948
-97.74802561666667, 30.264181133333334, 6.0, 1346781337015
-97.74803083333333, 30.26419305, 4.0, 1346781341046
-97.74805761666667, 30.264183733333333, 4.0, 1346781344891
-97.74806411666667, 30.264178366666666, 4.0, 1346781348918
-97.74810648333333, 30.2642053, 3.0, 1346781352872
-97.74812698333334, 30.264217066666667, 3.0, 1346781357020
-97.74812948333333, 30.264222416666666, 3.0, 1346781360895
-97.74813075, 30.26422665, 3.0, 1346781364858
-97.7481315, 30.26422815, 3.0, 1346781368948
-97.74813185, 30.2642287, 4.0, 1346781373014
-97.74813208333333, 30.26422905, 8.0, 1346781376847
-97.74813198333334, 30.264229783333334, 12.0, 1346781380817
-97.74813196666666, 30.2642302, 12.0, 1346781385048
-97.74815578333333, 30.264187516666667, 8.0, 1346781388916
-97.74815346666666, 30.2642384, 8.0, 1346781392902
-97.74814381666667, 30.264368216666668, 4.0, 1346781396973
-97.74811788333334, 30.264470116666665, 6.0, 1346781401176
-97.74806393333333, 30.264518583333334, 12.0, 1346781404893
-97.74798815, 30.264599733333334, 24.0, 1346781408851
-97.747992, 30.2647463, 16.0, 1346781412933
-97.74806056666667, 30.2648605, 24.0, 1346781417076
-97.74805861666667, 30.264971683333332, 12.0, 1346781421079
-97.74773996666667, 30.265133583333334, 12.0, 1346781425064
-97.74771685, 30.265239066666666, 12.0, 1346781429063
-97.74767578333334, 30.26529425, 12.0, 1346781432912
-97.74767148333333, 30.26536395, 16.0, 1346781438449
-97.74762096666667, 30.265433533333333, 8.0, 1346781441073
-97.74763673333334, 30.26543351666667, 12.0, 1346781445064
-97.74767993333333, 30.265389333333335, 12.0, 1346781448861
-97.74772486666667, 30.265309733333332, 12.0, 1346781453039
-97.74772473333333, 30.26524095, 24.0, 1346781456897
-97.7477317, 30.26520611666667, 16.0, 1346781460903
-97.74775466666667, 30.26517996666667, 12.0, 1346781464915
-97.74770586666666, 30.265167, 12.0, 1346781468988
-97.74767941666667, 30.265163983333334, 12.0, 1346781472973
-97.74765725, 30.265192066666668, 12.0, 1346781476862
-97.74764998333333, 30.265191016666666, 12.0, 1346781481039
-97.74765158333334, 30.26512175, 12.0, 1346781484869
-97.74764968333334, 30.2650332, 12.0, 1346781489012
-97.74762985, 30.26495986666667, 8.0, 1346781493114
-97.74765791666667, 30.264901733333332, 12.0, 1346781496987
-97.74767628333333, 30.26485436666667, 12.0, 1346781501003
-97.74770263333333, 30.264781266666667, 8.0, 1346781504964
-97.74778288333333, 30.2647163, 16.0, 1346781509018
-97.74791573333333, 30.264673083333335, 24.0, 1346781512983
-97.74799608333333, 30.26459656666667, 16.0, 1346781516975
-97.74800845, 30.2645291, 16.0, 1346781521121
-97.74806638333334, 30.26451165, 12.0, 1346781525027
-97.7480594, 30.264519716666666, 6.0, 1346781528965
-97.74805728333334, 30.26452876666667, 6.0, 1346781532895
-97.74807428333334, 30.264511183333333, 4.0, 1346781536860
-97.74807391666667, 30.264496333333334, 4.0, 1346781540908
-97.74805293333333, 30.2644971, 4.0, 1346781545040
-97.74807526666666, 30.264476966666667, 8.0, 1346781548861
-97.74809115, 30.26445705, 8.0, 1346781552843
-97.74808846666667, 30.264448166666668, 12.0, 1346781556877
-97.74808768333334, 30.264445416666668, 12.0, 1346781560838
-97.7480874, 30.264444916666665, 12.0, 1346781565017
-97.74809153333334, 30.2644389, 12.0, 1346781569102
-97.74812165, 30.264359866666666, 8.0, 1346781575214
-97.7481355, 30.264296666666667, 6.0, 1346781577088
-97.74818168333333, 30.264215316666668, 6.0, 1346781580950
-97.74815155, 30.26415726666667, 8.0, 1346781585030
-97.7480282, 30.264137383333335, 6.0, 1346781589076
-97.74788705, 30.264100516666666, 8.0, 1346781592982
-97.74778821666666, 30.264023716666667, 8.0, 1346781597019
-97.74775581666667, 30.263936416666667, 6.0, 1346781601124
-97.74776666666666, 30.263843816666668, 3.0, 1346781604981
-97.74780971666667, 30.26376155, 3.0, 1346781609055
-97.74783701666667, 30.263686416666665, 4.0, 1346781613023
-97.7478617, 30.263595116666668, 4.0, 1346781617075
-97.74787313333333, 30.263506333333332, 4.0, 1346781621016
-97.74790291666666, 30.263411666666666, 4.0, 1346781624954
-97.74798113333334, 30.26330215, 4.0, 1346781629028
-97.74801479999999, 30.26320395, 4.0, 1346781633028
-97.74802535, 30.263141583333333, 6.0, 1346781637024
-97.74808326666667, 30.263037766666667, 4.0, 1346781640957
-97.74813465, 30.26292505, 6.0, 1346781644960
-97.74816211666666, 30.2628021, 6.0, 1346781649024
-97.74817708333333, 30.262695716666666, 6.0, 1346781653118
-97.74815418333333, 30.262619733333334, 6.0, 1346781659827
-97.74816066666666, 30.262545, 6.0, 1346781661024
-97.74824038333334, 30.262411283333332, 6.0, 1346781665629
-97.74823993333334, 30.262361566666666, 4.0, 1346781669007
-97.74830665, 30.262274633333334, 6.0, 1346781673063
-97.74834805, 30.26217775, 6.0, 1346781676971
-97.74837973333334, 30.2620754, 6.0, 1346781681043
-97.74842101666667, 30.261970083333335, 6.0, 1346781684930
-97.74846033333333, 30.26186005, 6.0, 1346781688999
-97.74850708333334, 30.261764383333333, 4.0, 1346781693232
-97.74855746666667, 30.261736683333332, 3.0, 1346781697035
-97.74858846666666, 30.261757216666666, 3.0, 1346781701085
-97.74859975, 30.261742683333335, 4.0, 1346781704863
-97.74860038333334, 30.2617412, 6.0, 1346781708991
-97.74858476666667, 30.261762366666666, 6.0, 1346781712819
-97.74856866666667, 30.261789216666667, 4.0, 1346781717202
-97.7485575, 30.261822216666665, 6.0, 1346781720971
-97.74857806666667, 30.26182055, 6.0, 1346781724972
-97.74857891666667, 30.26185145, 6.0, 1346781729024
-97.74854176666666, 30.2618952, 8.0, 1346781733113
-97.74849923333333, 30.261935516666668, 8.0, 1346781737044
-97.74850548333333, 30.2620042, 8.0, 1346781741043
-97.74853328333333, 30.262032483333332, 6.0, 1346781745061
-97.74855888333333, 30.262051416666665, 4.0, 1346781749046
-97.7486037, 30.262058333333332, 3.0, 1346781753237
-97.74865661666666, 30.262069883333332, 4.0, 1346781757086
-97.74872581666666, 30.262099766666665, 4.0, 1346781761018
-97.7487857, 30.26211345, 4.0, 1346781765051
-97.74882383333333, 30.2621106, 4.0, 1346781768976
-97.7488634, 30.2621265, 4.0, 1346781774041
-97.74890816666667, 30.262137783333333, 4.0, 1346781777127
-97.74894115, 30.262127066666668, 6.0, 1346781781085
-97.7489177, 30.262133233333333, 3.0, 1346781784841
-97.7488163, 30.2621026, 3.0, 1346781788930
-97.7487371, 30.2620852, 3.0, 1346781792932
-97.74868335, 30.26207985, 3.0, 1346781796954
-97.74864083333334, 30.262075616666667, 3.0, 1346781801083
-97.74859501666667, 30.262068866666667, 3.0, 1346781805200
-97.74857906666666, 30.2620544, 3.0, 1346781809241
-97.74852531666667, 30.262033183333333, 4.0, 1346781813244
-97.74849403333333, 30.2620173, 12.0, 1346781817050
-97.7484606, 30.262007466666667, 6.0, 1346781820948
-97.74843073333334, 30.26199786666667, 6.0, 1346781824845
-97.74840305, 30.26197345, 8.0, 1346781828973
-97.74831263333333, 30.261892833333334, 8.0, 1346781832975
-97.74821196666667, 30.261820483333334, 6.0, 1346781837154
-97.74817051666666, 30.2618088, 6.0, 1346781841008
-97.7481236, 30.2617768, 8.0, 1346781845076
-97.7480321, 30.261716933333332, 6.0, 1346781848972
-97.74796751666666, 30.261677883333334, 4.0, 1346781853027
-97.74792741666667, 30.26163753333333, 4.0, 1346781857088
-97.74789035, 30.26161645, 6.0, 1346781861051
-97.74788895, 30.261592833333335, 4.0, 1346781865015
-97.74785133333333, 30.2615551, 6.0, 1346781868948
-97.74781881666667, 30.26151985, 6.0, 1346781873021
-97.73983325, 30.257520583333335, 6.0, 1346787110546
-97.739839, 30.257530933333335, 6.0, 1346787111331
-97.73983776666667, 30.257548283333332, 6.0, 1346787112585
-97.73983476666666, 30.257566733333334, 4.0, 1346787113368
-97.7398293, 30.257583566666668, 6.0, 1346787114513
-97.73982316666667, 30.25759945, 4.0, 1346787115426
-97.73981576666667, 30.257613816666666, 4.0, 1346787116097
-97.73980851666667, 30.257627816666666, 6.0, 1346787116985
-97.73980186666667, 30.257640266666666, 6.0, 1346787118076
-97.7397934, 30.257649816666667, 6.0, 1346787118954
-97.73978546666666, 30.25765585, 4.0, 1346787120206
-97.73977943333334, 30.2576629, 4.0, 1346787120997
-97.73977196666667, 30.257670466666667, 4.0, 1346787122028
-97.7397649, 30.257678016666667, 4.0, 1346787123179
-97.73976175, 30.257685016666667, 6.0, 1346787123950
-97.7397621, 30.257691466666667, 6.0, 1346787125019
-97.73976515, 30.2576991, 6.0, 1346787125999
-97.7397718, 30.257704883333332, 6.0, 1346787127212
-97.73978133333334, 30.25770796666667, 6.0, 1346787127939
-97.73979563333333, 30.257709766666668, 8.0, 1346787128992
-97.73980123333334, 30.2577087, 8.0, 1346787130010
-97.73980041666667, 30.257704933333333, 6.0, 1346787130985
-97.73979735, 30.2577043, 8.0, 1346787132159
-97.73979756666667, 30.257705183333332, 8.0, 1346787133120
-97.73979666666666, 30.257710333333332, 6.0, 1346787133956
-97.73979276666667, 30.257717133333333, 6.0, 1346787134991
-97.73978765, 30.257721983333333, 8.0, 1346787135966
-97.7397753, 30.2577258, 8.0, 1346787136971
-97.73975415, 30.2577268, 8.0, 1346787138104
-97.7397285, 30.257728566666668, 6.0, 1346787138969
-97.73970535, 30.257727916666667, 6.0, 1346787139980
-97.73968215, 30.257725583333333, 8.0, 1346787141211
-97.73965875, 30.257722583333333, 8.0, 1346787141875
-97.73963668333333, 30.25771775, 8.0, 1346787143099
-97.73961668333334, 30.25771505, 12.0, 1346787144020
-97.73959396666666, 30.257715666666666, 8.0, 1346787145112
-97.73957325, 30.257719, 8.0, 1346787145944
-97.73955721666667, 30.257720433333333, 8.0, 1346787147085
-97.7395473, 30.2577275, 8.0, 1346787148040
-97.73954536666666, 30.2577335, 8.0, 1346787149205
-97.73955253333334, 30.257743233333333, 6.0, 1346787149952
-97.7395586, 30.257749566666668, 6.0, 1346787150946
-97.73956296666667, 30.257752333333332, 6.0, 1346787151920
-97.73956523333334, 30.257754966666667, 6.0, 1346787153007
-97.73956523333334, 30.257754966666667, 6.0, 1346787154078
-97.73956903333334, 30.25775675, 6.0, 1346787155094
-97.73957178333333, 30.257753083333334, 8.0, 1346787156038
-97.73958531666666, 30.257760716666667, 8.0, 1346787159969
-97.73958991666666, 30.257767383333334, 6.0, 1346787163962
-97.73959005, 30.2577685, 8.0, 1346787167991
-97.73958988333334, 30.257769183333334, 8.0, 1346787171934
-97.73958975, 30.257769733333333, 12.0, 1346787175930
-97.73958956666667, 30.257770133333334, 12.0, 1346787179936
-97.73958938333334, 30.257770733333334, 12.0, 1346787183890
-97.73958941666666, 30.25777125, 8.0, 1346787187865
-97.73958953333333, 30.257771533333333, 12.0, 1346787191957
-97.7395895, 30.257771516666665, 12.0, 1346787195936
