-97.74966323, 30.26902846, 13.0, 1346192824157
-97.74966504, 30.2690311, 18.0, 1346192824795
-97.74969736, 30.2690015, 11.0, 1346192826095
-97.74965815, 30.26912975, 51.0, 1346192826808
-97.74955532, 30.26922058, 58.0, 1346192827806
-97.74949118, 30.26923986, 56.0, 1346192828816
-97.74953309, 30.26923108, 49.0, 1346192829869
-97.74953877, 30.26918012, 54.0, 1346192830869
-97.74981926, 30.26894624, 6.0, 1346192834236
-97.74986177, 30.26899056, 10.0, 1346192838073
-97.74993134, 30.26905882, 11.0, 1346192842762
-97.74997285, 30.26911787, 14.0, 1346192846634
-97.75001298, 30.26918247, 12.0, 1346192850427
-97.75005254, 30.26914827, 21.0, 1346192854243
-97.75010527, 30.2691609, 21.0, 1346192858451
-97.75018336, 30.2691225, 21.0, 1346192862437
-97.75025931, 30.26906719, 25.0, 1346192866481
-97.75033422, 30.26896837, 26.0, 1346192870430
-97.75040544, 30.26893819, 28.0, 1346192874431
-97.75054168, 30.26891414, 49.0, 1346192881142
-97.75091209, 30.26903574, 123.0, 1346192894952
-97.75108204, 30.26900573, 138.0, 1346192903931
-97.75113293, 30.26855855, 51.0, 1346192913195
-97.75118446, 30.26844109, 36.0, 1346192919115
-97.75127088, 30.26824865, 46.0, 1346192926737
-97.75132225, 30.26818783, 44.0, 1346192932945
-97.75159764, 30.26786131, 12.0, 1346192943168
-97.75168277, 30.26784893, 28.0, 1346192950814
-97.75199472, 30.26796919, 44.0, 1346192958473
-97.75213803, 30.26798101, 31.0, 1346192963278
-97.75233024, 30.26804964, 31.0, 1346192971269
-97.75247906, 30.26807775, 39.0, 1346192977917
-97.75256964, 30.26809686, 29.0, 1346192984592
-97.75260635, 30.26809016, 35.0, 1346192989951
-97.75272999, 30.26814476, 26.0, 1346192996661
-97.7527426, 30.26814891, 28.0, 1346192996693
-97.75291964, 30.26828896, 12.0, 1346193001031
-97.75304526, 30.26834727, 8.0, 1346193004900
-97.75316176, 30.26837775, 11.0, 1346193010331
-97.75336891, 30.2684469, 21.0, 1346193018963
-97.75342774, 30.26848193, 19.0, 1346193019026
-97.75365669, 30.26854039, 11.0, 1346193024403
-97.7537901, 30.26858163, 14.0, 1346193028840
-97.75405078, 30.26863476, 58.0, 1346193035061
-97.75430152, 30.26856744, 97.0, 1346193042266
-97.7543916, 30.26842265, 100.0, 1346193049089
-97.75403848, 30.26809443, 63.0, 1346193056457
-97.7540192, 30.26795507, 67.0, 1346193062952
-97.75438591, 30.26779682, 43.0, 1346193072311
-97.75453423, 30.2676954, 32.0, 1346193080208
-97.75475427, 30.26758839, 22.0, 1346193086973
-97.75487348, 30.26753881, 21.0, 1346193092310
-97.75506673, 30.2674241, 31.0, 1346193099316
-97.7550882, 30.2673254, 36.0, 1346193104271
-97.75508946, 30.26707833, 28.0, 1346193112559
-97.75512003, 30.26696991, 26.0, 1346193117394
-97.75518353, 30.26681419, 27.0, 1346193123803
-97.75523713, 30.26671898, 26.0, 1346193128381
-97.75533299, 30.2664795, 33.0, 1346193136491
-97.75538482, 30.26633722, 30.0, 1346193141744
-97.75546652, 30.26617629, 20.0, 1346193148382
-97.75550483, 30.26608905, 19.0, 1346193153453
-97.75553925, 30.26601, 25.0, 1346193158554
-97.75555497, 30.26596451, 25.0, 1346193163332
-97.75545554, 30.26604576, 10.0, 1346193169150
-97.75554265, 30.26597874, 52.0, 1346193182703
-97.75553165, 30.26602298, 38.0, 1346193187476
-97.75578965, 30.26630975, 49.0, 1346193195536
-97.75585947, 30.26639671, 50.0, 1346193204056
-97.75615486, 30.26646147, 57.0, 1346193212106
-97.7563325, 30.26661103, 78.0, 1346193220494
-97.75649826, 30.26667689, 65.0, 1346193226376
-97.75672784, 30.26666982, 53.0, 1346193232787
-97.75696082, 30.26666506, 41.0, 1346193238555
-97.75725868, 30.26669922, 65.0, 1346193246807
-97.75745525, 30.2667277, 56.0, 1346193252123
-97.75756018, 30.26705649, 50.0, 1346193262211
-97.75763044, 30.26708048, 16.0, 1346193270038
-97.75763044, 30.26708048, 16.0, 1346193274048
-97.75777896, 30.26707203, 46.0, 1346193281457
-97.75787659, 30.267087, 25.0, 1346193286065
-97.75813855, 30.26712208, 52.0, 1346193293731
-97.75815425, 30.26727101, 39.0, 1346193300569
-97.75822801, 30.26730836, 93.0, 1346193307392
-97.75842203, 30.26737604, 96.0, 1346193316631
-97.7585246, 30.267415, 71.0, 1346193322973
-97.7585246, 30.267415, 51.0, 1346193329268
-97.76197541, 30.26901199, 52.0, 1346193432667
-97.76210345, 30.26905186, 34.0, 1346193438431
-97.76224818, 30.26921215, 44.0, 1346193446051
-97.76233413, 30.26924177, 36.0, 1346193451377
-97.76247052, 30.26910713, 27.0, 1346193458993
-97.76254002, 30.26908087, 27.0, 1346193464093
-97.76295562, 30.26916947, 29.0, 1346193470797
-97.76310278, 30.2692088, 38.0, 1346193477925
-97.76347139, 30.26938166, 62.0, 1346193483732
-97.76366225, 30.26949114, 59.0, 1346193490127
-97.76375761, 30.26946291, 42.0, 1346193495874
-97.76386017, 30.26949272, 29.0, 1346193501086
-97.76406406, 30.26953731, 35.0, 1346193508642
-97.76414587, 30.26955591, 27.0, 1346193513257
-97.76424354, 30.26962425, 31.0, 1346193520532
-97.765082, 30.27000974, 53.0, 1346193550935
-97.7652596, 30.27005571, 34.0, 1346193557160
-97.76533881, 30.27010507, 27.0, 1346193562168
-97.76554887, 30.27015867, 26.0, 1346193570376
-97.76563455, 30.27021437, 21.0, 1346193575174
-97.765919, 30.27027919, 32.0, 1346193583370
-97.76600193, 30.2703276, 32.0, 1346193589453
-97.76616411, 30.2705342, 38.0, 1346193596232
-97.76625177, 30.27063094, 39.0, 1346193601412
-97.76646917, 30.27071348, 27.0, 1346193609384
-97.7665514, 30.27074783, 24.0, 1346193614086
-97.76669402, 30.27080624, 36.0, 1346193622332
-97.76685585, 30.27081681, 29.0, 1346193628744
-97.76699417, 30.27094489, 33.0, 1346193634874
-97.76718985, 30.27094354, 33.0, 1346193641141
-97.7673364, 30.27101874, 43.0, 1346193647293
-97.76748947, 30.27115548, 66.0, 1346193653861
-97.76756207, 30.27124088, 68.0, 1346193659858
-97.76761391, 30.27145003, 81.0, 1346193667759
-97.76768371, 30.27150351, 84.0, 1346193674509
-97.76799731, 30.27163376, 96.0, 1346193685350
-97.76833803, 30.27193049, 140.0, 1346193699936
-97.76843423, 30.27213501, 120.0, 1346193708560
-97.76879225, 30.27208482, 57.0, 1346193715281
-97.76889931, 30.27216702, 50.0, 1346193720980
-97.76905355, 30.2722796, 98.0, 1346193730556
-97.76920639, 30.27275265, 62.0, 1346193761561
-97.76907755, 30.27284505, 38.0, 1346193767492
-97.76892496, 30.27299384, 57.0, 1346193779408
-97.76885425, 30.27331657, 104.0, 1346193786296
-97.76930282, 30.273644, 88.0, 1346193794034
-97.76943225, 30.27375944, 43.0, 1346193800241
-97.7695027, 30.27388116, 56.0, 1346193806106
-97.76961839, 30.27407588, 74.0, 1346193816278
-97.76985554, 30.27434699, 62.0, 1346193828292
-97.76998459, 30.27448321, 37.0, 1346193832856
-97.77037128, 30.27477587, 35.0, 1346193847854
-97.77035957, 30.27479378, 29.0, 1346193847903
-97.77037012, 30.27485553, 19.0, 1346193851925
-97.77042922, 30.27493364, 15.0, 1346193856255
-97.77057402, 30.27508468, 78.0, 1346193866226
-97.77064722, 30.27509675, 99.0, 1346193872957
-97.77092336, 30.27498901, 76.0, 1346193885076
-97.77105405, 30.27498396, 69.0, 1346193890852
-97.77125985, 30.27497881, 148.0, 1346193900839
-97.77139637, 30.2750168, 120.0, 1346193910353
-97.77110542, 30.27520899, 60.0, 1346193915757
-97.77112307, 30.27528661, 94.0, 1346193922713
-97.77099682, 30.27548608, 118.0, 1346193935012
-97.77159614, 30.27553813, 79.0, 1346193941178
-97.77161642, 30.27552571, 69.0, 1346193949124
-97.77154859, 30.27547303, 79.0, 1346193955225
-97.77145307, 30.27539344, 85.0, 1346193961961
-97.77135664, 30.27527661, 92.0, 1346193971292
-97.77126004, 30.27519933, 83.0, 1346193982032
-97.77118929, 30.27503219, 76.0, 1346193989420
-97.77124534, 30.27482819, 119.0, 1346194007494
-97.77133772, 30.27489061, 147.0, 1346194015889
-97.77128276, 30.27502563, 137.0, 1346194032945
-97.77121118, 30.27507254, 125.0, 1346194040775
-97.7714231, 30.27500743, 152.0, 1346194060167
-97.77150356, 30.27499134, 132.0, 1346194068008
-97.77110359, 30.2751888, 11.0, 1346194101334
-97.77130869, 30.27496981, 142.0, 1346194110947
-97.77133145, 30.27493927, 155.0, 1346194138265
-97.77143449, 30.27484118, 141.0, 1346194148955
-97.77148763, 30.27479754, 120.0, 1346194163224
-97.77148738, 30.27479591, 109.0, 1346194170200
-97.77148935, 30.27479419, 149.0, 1346194181646
-97.77149001, 30.27479437, 148.0, 1346194191055
-97.77149542, 30.2747866, 114.0, 1346194200643
-97.77149598, 30.27478395, 125.0, 1346194208606
-97.77149543, 30.2747821, 79.0, 1346194216540
-97.77147624, 30.27475468, 48.0, 1346194222210
-97.77187844, 30.27294861, 49.0, 1346194231490
-97.77184533, 30.27277102, 45.0, 1346194236155
-97.77165266, 30.27243308, 44.0, 1346194244580
-97.77149978, 30.27211187, 70.0, 1346194254916
-97.77128043, 30.27188109, 101.0, 1346194263964
-97.77113448, 30.27178251, 123.0, 1346194272948
-97.77084046, 30.27161838, 95.0, 1346194283606
-97.77067986, 30.27134883, 68.0, 1346194289975
-97.77062402, 30.27130312, 53.0, 1346194295995
-97.77054673, 30.27122299, 55.0, 1346194301526
-97.77036032, 30.27115682, 67.0, 1346194308752
-97.77023744, 30.27118386, 70.0, 1346194313684
-97.77010989, 30.27096126, 89.0, 1346194320579
-97.7699228, 30.27101676, 86.0, 1346194326832
-97.76983074, 30.27079608, 67.0, 1346194332705
-97.76845641, 30.27045832, 78.0, 1346194394265
-97.76844071, 30.26970542, 49.0, 1346194405044
-97.76820765, 30.2697928, 55.0, 1346194412986
-97.76812386, 30.26975403, 39.0, 1346194417949
-97.76795564, 30.26976591, 33.0, 1346194425663
-97.76788355, 30.2697488, 28.0, 1346194429740
-97.76773891, 30.269717, 50.0, 1346194438175
-97.76763743, 30.26957363, 98.0, 1346194447036
-97.76756721, 30.26954995, 120.0, 1346194454105
-97.76745766, 30.26943456, 95.0, 1346194462170
-97.76740505, 30.26938457, 49.0, 1346194468262
-97.76729484, 30.26934855, 33.0, 1346194474903
-97.76720022, 30.26932612, 33.0, 1346194480045
-97.76699769, 30.26931124, 38.0, 1346194486883
-97.76687547, 30.26929461, 36.0, 1346194491837
-97.76683753, 30.26926423, 44.0, 1346194499081
-97.76674027, 30.26924214, 89.0, 1346194508532
-97.76653822, 30.26930526, 144.0, 1346194520749
-97.76636123, 30.26918613, 118.0, 1346194528783
-97.76633067, 30.26911338, 91.0, 1346194536924
-97.76625117, 30.26901766, 78.0, 1346194543880
-97.7661033, 30.26900096, 74.0, 1346194550339
-97.76586067, 30.26890102, 76.0, 1346194557378
-97.76560497, 30.26885077, 111.0, 1346194565934
-97.76542369, 30.26878173, 95.0, 1346194572300
-97.76527599, 30.26868695, 74.0, 1346194579115
-97.76514533, 30.26862771, 55.0, 1346194584940
-97.76501046, 30.26855216, 75.0, 1346194591912
-97.76478235, 30.26854769, 131.0, 1346194598880
-97.76451812, 30.26846118, 138.0, 1346194609095
-97.7644151, 30.26844892, 102.0, 1346194617355
-97.76414672, 30.26839947, 85.0, 1346194625027
-97.76404919, 30.26832736, 98.0, 1346194631521
-97.76385388, 30.26838893, 135.0, 1346194639666
-97.76352459, 30.26820252, 104.0, 1346194650736
-97.76339953, 30.26818486, 68.0, 1346194657240
-97.76326072, 30.26802136, 90.0, 1346194664287
-97.7630727, 30.26785206, 87.0, 1346194671738
-97.76285202, 30.26787695, 73.0, 1346194679357
-97.76277136, 30.26785276, 79.0, 1346194686803
-97.76264382, 30.26769464, 86.0, 1346194693661
-97.76249659, 30.26764438, 60.0, 1346194700236
-97.76240902, 30.26755568, 63.0, 1346194707293
-97.76233406, 30.26745012, 63.0, 1346194712840
-97.76225385, 30.26740266, 79.0, 1346194719103
-97.76205363, 30.26731992, 49.0, 1346194729689
-97.76193975, 30.26729243, 35.0, 1346194735131
-97.76201083, 30.26714419, 34.0, 1346194742773
-97.76199531, 30.26708276, 33.0, 1346194747705
-97.76208714, 30.26694697, 36.0, 1346194755829
-97.7622082, 30.26679253, 43.0, 1346194761365
-97.76237873, 30.26671294, 65.0, 1346194768425
-97.76251398, 30.26663405, 87.0, 1346194776040
-97.762684, 30.26656397, 57.0, 1346194783046
-97.76279556, 30.26648216, 46.0, 1346194787713
-97.76301834, 30.26640389, 85.0, 1346194796701
-97.7631572, 30.26620675, 115.0, 1346194805410
-97.76325452, 30.26617265, 105.0, 1346194812508
-97.76369185, 30.26622334, 132.0, 1346194820522
-97.76395903, 30.26606851, 135.0, 1346194830043
-97.76408654, 30.26595775, 100.0, 1346194837869
-97.76430275, 30.26576776, 78.0, 1346194849761
-97.76429793, 30.26570412, 49.0, 1346194855382
-97.76439761, 30.26561294, 41.0, 1346194862600
-97.76433227, 30.26544563, 49.0, 1346194869445
-97.76431079, 30.26533788, 31.0, 1346194876020
-97.76431251, 30.26525839, 27.0, 1346194881855
-97.76359844, 30.26543308, 89.0, 1346194915202
-97.7635167, 30.26563852, 58.0, 1346194921029
-97.76335148, 30.26560653, 79.0, 1346194928582
-97.76312675, 30.26569896, 114.0, 1346194936100
-97.76297251, 30.26581757, 132.0, 1346194945105
-97.7628169, 30.2658727, 113.0, 1346194953099
-97.76247601, 30.26597606, 148.0, 1346194962164
-97.76212458, 30.26629888, 123.0, 1346194972823
-97.76200951, 30.26656936, 117.0, 1346194981988
-97.76198577, 30.26653884, 118.0, 1346194982104
-97.76171655, 30.26659112, 136.0, 1346194994460
-97.76156075, 30.26654955, 112.0, 1346195003070
-97.76131927, 30.26668104, 121.0, 1346195011689
-97.76112048, 30.26669823, 96.0, 1346195020220
-97.76110009, 30.26670202, 72.0, 1346195020274
-97.76092348, 30.26660034, 45.0, 1346195026489
-97.76084762, 30.26658475, 65.0, 1346195030559
-97.76075617, 30.26670251, 62.0, 1346195034256
-97.76069418, 30.26643906, 66.0, 1346195042871
-97.7606568, 30.26639619, 60.0, 1346195045516
-97.76055795, 30.26639281, 39.0, 1346195050616
-97.76044904, 30.26637378, 40.0, 1346195055505
-97.76030574, 30.26633963, 46.0, 1346195062566
-97.76023712, 30.26630819, 31.0, 1346195067408
-97.76018672, 30.26627376, 48.0, 1346195070256
-97.76002679, 30.26621282, 55.0, 1346195078000
-97.75990314, 30.2662016, 57.0, 1346195083797
-97.75984255, 30.26618771, 53.0, 1346195090041
-97.75982632, 30.26622937, 46.0, 1346195094718
-97.75975619, 30.26628256, 48.0, 1346195102015
-97.75961355, 30.26624077, 57.0, 1346195107773
-97.75946717, 30.26619794, 65.0, 1346195114791
-97.75931403, 30.26616258, 72.0, 1346195120313
-97.75916537, 30.26610798, 74.0, 1346195127636
-97.75908354, 30.26602792, 52.0, 1346195134679
-97.75904911, 30.26593101, 47.0, 1346195139866
-97.75889161, 30.26581903, 52.0, 1346195148993
-97.75874184, 30.26578658, 49.0, 1346195154365
-97.75853417, 30.26576419, 47.0, 1346195162473
-97.75832927, 30.26570894, 35.0, 1346195169151
-97.75823426, 30.26565929, 39.0, 1346195175132
-97.75805801, 30.26550812, 43.0, 1346195183198
-97.75793306, 30.26545793, 32.0, 1346195188803
-97.75769369, 30.26536665, 40.0, 1346195196245
-97.75758009, 30.26531542, 34.0, 1346195202433
-97.75738205, 30.26515029, 54.0, 1346195209922
-97.75721291, 30.26501325, 68.0, 1346195216127
-97.75672793, 30.2647822, 149.0, 1346195231498
-97.75642488, 30.26472763, 116.0, 1346195240219
-97.75663137, 30.26469034, 55.0, 1346195246800
-97.75651316, 30.26458609, 53.0, 1346195252679
-97.75640685, 30.26450757, 36.0, 1346195259143
-97.75636059, 30.26444823, 61.0, 1346195265715
-97.756365, 30.26473159, 59.0, 1346195271673
-97.75632055, 30.26480378, 54.0, 1346195277355
-97.75627583, 30.26493089, 47.0, 1346195285156
-97.75624168, 30.26503314, 37.0, 1346195290397
-97.75617167, 30.26514513, 50.0, 1346195297186
-97.7561519, 30.26522178, 42.0, 1346195302409
-97.7561316, 30.2653302, 34.0, 1346195309652
-97.75610982, 30.26539852, 25.0, 1346195314303
-97.75597593, 30.26546717, 51.0, 1346195322572
-97.7558397, 30.26547654, 42.0, 1346195327819
-97.75571405, 30.26554848, 32.0, 1346195335448
-97.75568003, 30.26562176, 26.0, 1346195339843
-97.75560795, 30.26581173, 40.0, 1346195347161
-97.75557191, 30.26590349, 27.0, 1346195352606
-97.7555193, 30.26613538, 33.0, 1346195360242
-97.75548819, 30.2661995, 27.0, 1346195365325
-97.75540111, 30.26637749, 31.0, 1346195373123
-97.75537007, 30.26644975, 24.0, 1346195378281
-97.75534122, 30.26665396, 40.0, 1346195386068
-97.75530377, 30.2667397, 29.0, 1346195391501
-97.75518932, 30.26697483, 36.0, 1346195399331
-97.75512043, 30.26705833, 30.0, 1346195404322
-97.75505933, 30.26723785, 49.0, 1346195412050
-97.75508147, 30.26738148, 36.0, 1346195418193
-97.75505587, 30.26758716, 44.0, 1346195424987
-97.75497357, 30.26768445, 32.0, 1346195430752
-97.75452906, 30.26763326, 56.0, 1346195440529
-97.75443219, 30.2675854, 39.0, 1346195446655
-97.75434647, 30.26757059, 63.0, 1346195453320
-97.75425037, 30.26758091, 57.0, 1346195459217
-97.75424522, 30.26784552, 43.0, 1346195466430
-97.75416718, 30.26789347, 41.0, 1346195472614
-97.75394825, 30.2679778, 52.0, 1346195486865
-97.7539312, 30.26798773, 48.0, 1346195492468
-97.75397885, 30.26803746, 64.0, 1346195498220
-97.75404816, 30.26816829, 98.0, 1346195504966
-97.75399753, 30.2682809, 110.0, 1346195511443
-97.75393179, 30.26837717, 73.0, 1346195518509
-97.75387951, 30.26846834, 62.0, 1346195524272
-97.75376764, 30.26856664, 66.0, 1346195530585
-97.75365408, 30.26858055, 46.0, 1346195536626
-97.75350355, 30.26855506, 47.0, 1346195541789
-97.75333874, 30.26854042, 38.0, 1346195548427
-97.75326911, 30.26853118, 47.0, 1346195554688
-97.753194, 30.26845217, 63.0, 1346195560955
-97.75288473, 30.26871943, 52.0, 1346195567902
-97.75279609, 30.26872056, 53.0, 1346195573531
-97.75285057, 30.26837098, 87.0, 1346195580057
-97.75286073, 30.26828404, 49.0, 1346195587188
-97.75281652, 30.26823311, 44.0, 1346195592943
-97.75345866, 30.26893852, 49.0, 1346195598962
-97.75320238, 30.26894954, 70.0, 1346195605624
-97.75303954, 30.26893793, 73.0, 1346195612857
-97.75262366, 30.26867535, 58.0, 1346195619849
-97.7524509, 30.26854944, 45.0, 1346195626012
-97.7520514, 30.26810425, 22.0, 1346195632971
-97.75192133, 30.2680103, 15.0, 1346195637236
-97.75172992, 30.26792188, 15.0, 1346195642899
-97.75173772, 30.26791653, 8.0, 1346195643881
-97.75174341, 30.26791601, 6.0, 1346195644896
-97.75175172, 30.26791681, 6.0, 1346195645727
-97.75175423, 30.26791713, 6.0, 1346195647054
-97.75175551, 30.26791365, 5.0, 1346195647731
-97.75175418, 30.26790769, 5.0, 1346195648777
-97.75175351, 30.26790033, 5.0, 1346195649809
-97.75175057, 30.26789291, 3.0, 1346195650750
-97.75174661, 30.26788524, 3.0, 1346195651776
-97.75174011, 30.26787702, 3.0, 1346195652741
-97.75173239, 30.26787025, 4.0, 1346195653760
-97.75172468, 30.26786365, 5.0, 1346195654746
-97.75171549, 30.26785823, 5.0, 1346195655725
-97.75170425, 30.26785486, 5.0, 1346195656748
-97.75169389, 30.26785179, 6.0, 1346195657772
-97.75168284, 30.26785006, 7.0, 1346195658865
-97.75167327, 30.26785308, 6.0, 1346195659746
-97.75166237, 30.26785341, 6.0, 1346195660770
-97.75165293, 30.26785355, 6.0, 1346195661890
-97.75164249, 30.26785749, 5.0, 1346195662744
-97.75163507, 30.26786462, 6.0, 1346195663728
-97.7516287, 30.26787358, 6.0, 1346195664872
-97.75162291, 30.26788145, 5.0, 1346195665740
-97.75162019, 30.26788862, 5.0, 1346195666743
-97.75161954, 30.26789525, 5.0, 1346195667882
-97.75161862, 30.26790094, 4.0, 1346195668749
-97.75161801, 30.26790538, 4.0, 1346195669763
-97.75161715, 30.26790912, 4.0, 1346195670754
-97.75161574, 30.26791225, 5.0, 1346195671904
-97.7516108, 30.26791527, 4.0, 1346195672739
-97.75160409, 30.26791941, 3.0, 1346195673764
-97.75159553, 30.26792406, 3.0, 1346195674758
-97.75158817, 30.26792994, 3.0, 1346195675732
-97.75158339, 30.26793625, 3.0, 1346195676867
-97.75158128, 30.26793932, 3.0, 1346195677737
-97.7515822, 30.26794378, 3.0, 1346195678727
-97.75158382, 30.26794691, 3.0, 1346195679727
-97.75158575, 30.26795143, 3.0, 1346195680727
-97.75158785, 30.26795794, 4.0, 1346195681822
-97.75158673, 30.2679638, 3.0, 1346195682846
-97.75158399, 30.26796877, 4.0, 1346195683721
-97.75157952, 30.26797353, 4.0, 1346195684725
-97.75157393, 30.2679782, 4.0, 1346195685721
-97.75156843, 30.26798362, 5.0, 1346195686957
-97.75156297, 30.26798939, 5.0, 1346195687817
-97.75155768, 30.26799517, 6.0, 1346195688869
-97.7515529, 30.26800096, 7.0, 1346195689748
-97.75154767, 30.26800657, 8.0, 1346195690725
-97.75154178, 30.26801278, 8.0, 1346195691742
-97.75153866, 30.26801997, 9.0, 1346195692862
-97.7515403, 30.26802436, 10.0, 1346195693738
-97.75154156, 30.26803205, 11.0, 1346195694742
-97.75153569, 30.26803314, 12.0, 1346195695740
-97.75152861, 30.26803725, 14.0, 1346195696741
-97.75152062, 30.26804376, 15.0, 1346195697740
-97.75151062, 30.26805561, 16.0, 1346195698865
-97.75149833, 30.26806991, 16.0, 1346195699741
-97.75148576, 30.26808688, 15.0, 1346195700739
-97.75148725, 30.26810534, 10.0, 1346195701851
-97.75148886, 30.26811413, 9.0, 1346195702743
-97.75148971, 30.26811596, 9.0, 1346195703769
-97.75148881, 30.26811723, 9.0, 1346195704827
-97.75148895, 30.26812113, 10.0, 1346195705744
-97.751494, 30.2681293, 9.0, 1346195706725
-97.75150028, 30.26814135, 10.0, 1346195707728
-97.75150514, 30.26815526, 10.0, 1346195708871
-97.75151025, 30.2681683, 9.0, 1346195709745
-97.75151193, 30.26818165, 9.0, 1346195710741
-97.75150924, 30.26819552, 9.0, 1346195711908
-97.75150525, 30.26820762, 9.0, 1346195712722
-97.75149557, 30.26822058, 6.0, 1346195713736
-97.75148576, 30.26823299, 6.0, 1346195714854
-97.75147701, 30.26824742, 6.0, 1346195715744
-97.75146901, 30.26826037, 6.0, 1346195716876
-97.75145921, 30.26827235, 4.0, 1346195717739
-97.75144935, 30.26828512, 7.0, 1346195718854
-97.751442, 30.26829632, 7.0, 1346195719740
-97.75143715, 30.26830758, 8.0, 1346195720966
-97.75143328, 30.26831607, 8.0, 1346195721726
-97.7514297, 30.26832323, 9.0, 1346195722717
-97.7514266, 30.26832809, 10.0, 1346195723964
-97.7514205, 30.26833667, 10.0, 1346195724759
-97.75141797, 30.2683459, 10.0, 1346195725757
-97.75141672, 30.2683554, 10.0, 1346195726871
-97.751415, 30.2683661, 10.0, 1346195727782
-97.75141706, 30.26837511, 10.0, 1346195728728
-97.75141561, 30.26838481, 10.0, 1346195729769
-97.75141028, 30.26839449, 10.0, 1346195730891
-97.75139783, 30.26840348, 11.0, 1346195732178
-97.75138482, 30.2684113, 11.0, 1346195732723
-97.75137369, 30.26841742, 12.0, 1346195733954
-97.75136284, 30.26842497, 14.0, 1346195734850
-97.75135545, 30.26843279, 15.0, 1346195735723
-97.75134503, 30.2684457, 12.0, 1346195736873
-97.75133654, 30.26846242, 11.0, 1346195737751
-97.75132668, 30.26847966, 11.0, 1346195738858
-97.75131708, 30.26849703, 10.0, 1346195739783
-97.751309, 30.26851528, 11.0, 1346195740898
-97.75130084, 30.2685352, 10.0, 1346195741747
-97.75129447, 30.26855775, 9.0, 1346195742921
-97.75128794, 30.26857513, 9.0, 1346195743745
-97.75128272, 30.26859269, 9.0, 1346195744899
-97.7512806, 30.26860802, 7.0, 1346195745745
-97.75127994, 30.26862418, 8.0, 1346195746858
-97.7512832, 30.26863851, 8.0, 1346195747744
-97.75128719, 30.26865183, 9.0, 1346195748919
-97.7512909, 30.26866394, 11.0, 1346195749753
-97.75129199, 30.2686756, 11.0, 1346195750868
-97.7512912, 30.26868511, 11.0, 1346195751737
-97.75128984, 30.26869606, 11.0, 1346195752740
-97.75128699, 30.26870989, 11.0, 1346195754481
-97.75127534, 30.26876717, 16.0, 1346195758751
-97.75118364, 30.26888387, 35.0, 1346195765044
-97.75126986, 30.26934776, 26.0, 1346195770948
-97.75120502, 30.26924923, 41.0, 1346195778080
-97.75118225, 30.269382, 23.0, 1346195784582
-97.75108958, 30.26941516, 18.0, 1346195789364
-97.7510384, 30.26941494, 18.0, 1346195789443
-97.75086045, 30.2693978, 9.0, 1346195793186
-97.7507495, 30.26934296, 6.0, 1346195797145
-97.75066142, 30.269298, 7.0, 1346195801284
-97.75059507, 30.26928988, 11.0, 1346195805607
-97.7501241, 30.26908148, 33.0, 1346195811868
-97.75045954, 30.26936156, 12.0, 1346195817066
-97.75043414, 30.26932928, 31.0, 1346195823442
-97.75040592, 30.26931674, 17.0, 1346195828177
-97.75038918, 30.26933688, 19.0, 1346195833120
-97.75035263, 30.2693288, 23.0, 1346195838181
-97.75029261, 30.26930816, 10.0, 1346195844299
-97.75024675, 30.26929519, 14.0, 1346195849242
-97.7498176, 30.26909217, 24.0, 1346195855061
-97.74995349, 30.2690299, 35.0, 1346195861315
-97.74971479, 30.2689559, 43.0, 1346195867833
